[9.382733695498235, 9.565173662036363, 11.071611375930113, 1.7822429946481786, 9.719164762018536]
[6.3413837718877915, 8.32785242332455, 6.537210363231242, 8.807827047208525, 11.131595466484784]
[4.048860180570282, 9.814446335791917, 3.1217304257472542, 9.257600005132648, 8.272379573466718]
[5.548440245552062, 9.36534630818175, 5.438272493864415, 9.588700155878538, 8.015723799157302]
[9.33696563064696, 7.46949920747627, 6.111998325904029, 3.940744064107436, 10.301620010641678]
[9.332687931089263, 3.798349244771745, 8.897431761334039, 3.912618371445279, 9.878086115790742]
[3.8435434214014434, 1.0309295869840618, 2.7107831678961305, 0.5233288533714564, 3.3083031603177715]
[10.17967958297309, 8.68254578363152, 8.194976577432916, 5.6248153200508035, 8.141235554559898]
[2.904594412687182, 9.147527113360946, 6.669513100227463, 7.819358384705765, 9.065298792868187]
[5.497632950568237, 7.632353927196093, 4.251544749383362, 6.250874443326958, 8.115199399729818]
[8.131277119741496, 10.140757216086019, 8.77532552268959, 5.097817505870321, 10.575764819647546]
[1.09095331446649, 1.6918677889592675, 3.6039126691265873, 0.9963635740163808, 2.957973974060476]
[1.7363769869338133, 1.0486750503565725, 2.2452864760467053, 2.1963895661703416, 4.6272451581662395]
[4.817551496735406, 8.614297538975187, 8.476072667956887, 4.786823440399166, 11.342423363755227]
[9.48208161414073, 10.331796892967521, 6.380589405645223, 7.894565570556222, 8.311831231211187]
[6.4674421709250245, 9.785464673340991, 4.807284274794645, 5.9060557098788475, 10.21326996140962]
[7.7244748473312175, 10.500354256885167, 5.901559167669989, 5.758955989921882, 6.502477975515619]
[6.024126573696721, 10.353298121975167, 5.269849178164991, 8.798667862576306, 7.099284453815881]
[5.600973486597624, 11.3277112623785, 5.996769083762782, 6.8142674845190125, 9.397823996017577]
[1.521779080823324, 3.5248586012292074, 2.0785419129877667, 1.070484631140046, 4.9049228413842485]
[5.824681199311375, 10.512054622044241, 3.2927671743596645, 7.898254790527497, 5.898777723184752]
[1.3083152795393502, 2.5525241323828554, 3.8454599082395067, 2.1650986435773105, 5.010482597050851]
[5.12436114084468, 7.193943367677019, 7.634414678377006, 4.535238648264135, 9.709035043767413]
[4.778534085445092, 8.522914623338888, 4.285658608875097, 9.028538672802464, 4.612119680266589]
[5.322709981310942, 10.74246731726771, 6.0274199686430325, 5.691076448571194, 10.17597129981431]
[6.581245704488301, 9.185417507921988, 8.073271885298963, 1.492156613761379, 9.596951574503349]
[4.878160131207121, 7.107916241781746, 9.047264927469785, 3.186852317818506, 9.828305330782847]
[7.985559130298595, 10.348937585479387, 11.426965574440073, 3.4178349227887614, 10.615149643023567]
[9.419280948376072, 7.210295933950386, 7.142486159098874, 1.1693083433816254, 9.718402984140328]
[4.187749388338055, 7.944151571967788, 4.55254654414929, 6.305210090185685, 7.79340008398402]
[5.361451376235713, 6.968002390972259, 4.50345913182964, 6.327701899209099, 6.353855042939912]
[6.416617730645622, 9.562555260617419, 6.6880798308494835, 7.235682980604421, 8.890710926591954]
[7.794814371025303, 5.4358508551542375, 11.883356817942222, 3.75817483014597, 10.976543498125528]
[5.2959472175129, 9.681188903949057, 7.202117263970711, 11.466098961139071, 9.339960078709618]
[8.249493337884205, 6.313175308653161, 7.3946541119428515, 5.370331593370887, 9.63214220087845]
[8.555102336930718, 9.10145347554116, 7.0906170848278105, 8.827491811972905, 7.023710636480672]
[3.513128888022056, 11.864421979569238, 6.138835092450481, 7.298196071317662, 7.085519222545078]
[5.7818461086287245, 7.014864543789281, 6.575407900491811, 6.867808923115294, 6.865027887523754]
[4.170099234427491, 7.367525523654609, 6.91065567611463, 7.606170965131904, 7.810455028823405]
[7.342352404315445, 11.13946965118705, 5.399358153523642, 9.762954267909764, 9.602773182176144]
[1.8678851761446222, 2.8873998639193004, 1.705151534330224, 0.815336364081225, 0.8350132422523666]
[7.9345526413317105, 8.7090690515574, 9.619363645945946, 1.2106536372599908, 10.913514430537296]
[1.468004866873236, 0.04452758972082105, 2.573672544896966, 3.4867971394079285, 0.8021218828591024]
[7.091920932016107, 8.667038086496229, 5.906508629599537, 9.602697020729948, 9.865325275531648]
[8.651320954503923, 5.557151994690876, 10.642623392623635, 5.21349007917125, 10.142979125543677]
[2.4238893522279708, 2.7776409147564953, 4.327587134358667, 0.5491797090371242, 0.9642595432398537]
[8.638786516386524, 8.87339258081859, 10.39092181155659, 6.240116041889884, 10.772221878549155]
[8.954408105271156, 11.051477479454702, 7.10129905331357, 9.682752870991118, 8.414684071076985]
[7.249952985282272, 6.761186971709858, 8.61663681873529, 3.268810141825018, 10.56097052160721]
[4.785892758933212, 10.65049544446154, 3.4235943645337517, 9.237348621548911, 4.966077833417611]
[1.2159759863570532, 0.9530560009763205, 2.7971574151633054, 2.5895804354433665, 0.8355186293511343]
[4.6816450083338745, 7.5775008107512924, 8.243342452412268, 9.674352474815315, 6.695598293486929]
[2.3446825524326727, 3.413175454330199, 2.2720827602682947, 1.1041386949062981, 1.1341611899062056]
[6.386688926855257, 9.55467440323742, 3.108454846757408, 8.346755349994263, 6.161476839486973]
[2.953491454166132, 3.6313610022696587, 1.139211481251965, 0.6945210855329425, 1.0412129004882869]
[10.858699639253711, 6.323047430439792, 10.56587450147131, 2.262122896333466, 10.533659866356416]
[4.372008267074952, 11.884234321440376, 5.511546765558164, 8.174395967664145, 6.188585418910309]
[6.292458864918944, 6.513281500872735, 9.80454013272259, 5.288952899132534, 10.378365625099091]
[10.257613224683825, 6.697478345356648, 11.888526492192307, 3.8295164411618385, 10.666433868989731]
[5.076627794674545, 8.986265045856083, 4.830732748334192, 11.636470839275557, 8.524768332441147]
[2.479213110665785, 1.8682897861009735, 5.369204496474943, 1.618558500121777, 3.166108651475722]
[8.54584750185976, 9.286519287077775, 3.565513055680162, 7.327544923147258, 6.7072495347936165]
[4.761888514303443, 7.935805572206094, 4.071067166429246, 8.309878712719863, 6.93493603045298]
[0.5418137511888266, 4.052640477219716, 2.641349845911203, 2.2327394395326263, 2.4481671655789254]
[7.4732568964103, 8.080535167198889, 9.199136958685557, 2.170047763171696, 10.84101209253183]
[3.9036184803579057, 9.380821501238202, 2.57109755398322, 7.731977061550815, 8.419457319811576]
[0.8167243725671978, 0.9891199638298716, 5.3382970151461295, 2.1898618878189935, 2.0708118957085646]
[10.392426224262614, 6.123535683889698, 9.433574062925377, 4.765491457450891, 9.225289986519027]
[4.844041736974946, 7.482592486432329, 7.288440020769863, 10.740907706541266, 7.5223024410167945]
[5.710370244393864, 10.355767458923133, 2.7978851831753917, 10.730554952072808, 7.611636584135751]
[3.796752178692397, 7.303111540983771, 6.658407899111524, 7.334639452417505, 9.78558866898696]
[3.714343754487467, 9.099637799216014, 4.847192948099087, 6.981337950496256, 5.538580445628105]
[5.383864535148325, 6.953359244653379, 6.759648122165402, 3.051046811023645, 11.547110361790118]
[3.538172701848427, 1.7262626954555835, 4.5382119166879695, 1.6985254369273712, 2.476690777272999]
[6.704623854607966, 7.955272815324925, 10.31912128263188, 6.106270822756869, 10.43671894359608]
[9.235342364601294, 8.849608280809537, 9.956763742997325, 1.808082864987294, 11.559142305771143]
[4.31240542148592, 8.387597456049056, 4.980689944316812, 8.383015676347245, 10.374727540795181]
[6.666329251425909, 5.465874907919899, 11.055738938721385, 4.458769300307712, 11.19257413317103]
[8.246867687656044, 10.342833312529345, 5.42055969758054, 11.058039258433332, 6.191680460660374]
[5.686223157736512, 9.276228908769143, 9.812082389793446, 2.9434594242633376, 8.274151470165608]
[8.200247752821259, 8.77509941115099, 5.235383456725936, 6.199909328643739, 9.541120687290995]
[8.532004310438259, 8.722059769989466, 4.894889084137448, 9.025651736454627, 6.685816891989061]
[7.038007061012018, 11.449374101838378, 5.24767089502957, 6.572326767884184, 6.828306968340485]
[5.694481562241684, 7.419925786751148, 5.215677696004783, 9.695252804139406, 8.38638699933194]
[7.707007183513744, 11.654838820153621, 6.164886089568781, 8.221890096585192, 5.56730636453539]
[6.88583283715808, 10.269267469771481, 10.584682210777483, 4.0126410920524584, 9.358426637190224]
[8.116397348697623, 5.287633668309616, 8.331099166839273, 1.6717091265422623, 11.069079256951706]
[7.43325289056651, 9.638531575934561, 7.232551898269504, 10.151927533471241, 6.52907295648971]
[0.13320708304636275, 2.3092656612465987, 2.5803854634845536, 3.082359391760524, 0.3391459405279398]
[9.27466719376173, 8.109666973938229, 10.283722056547102, 6.0378177761155865, 10.996653371328046]
[8.317516080490503, 9.24054606361983, 6.4691003024996405, 8.9893046330108, 8.996164593312802]
[7.920583689774633, 8.142890903705762, 7.825634638040883, 7.179350948283883, 6.804833620087587]
[5.34597006643077, 8.611657662602338, 6.335294524720854, 10.027186735278304, 8.069857560684833]
[6.8082269914511055, 8.366423038088257, 2.9411609491463278, 9.457330285223915, 9.86749686614244]
[8.154682920029215, 6.827537506918441, 8.222101241807286, 7.095644374066767, 9.115860439733032]
[8.078238388049776, 5.9518036135654055, 8.009613073369822, 5.111914303312802, 8.481873946437107]
[8.348311181778511, 8.173298864499342, 9.335218925333935, 1.1136815599584975, 8.600010105309078]
[6.845439523122286, 6.372316427560521, 5.622826689648858, 9.995408935920665, 8.592060638068377]
[8.800305151202792, 8.287784341513094, 8.891237857121743, 5.539569688990705, 11.30140794788543]
[4.91677583738174, 6.890357321878201, 6.42556742614414, 8.51046936687205, 9.247266217492847]
[6.163793592743413, 11.453886293321053, 5.33990866542846, 10.668825076464794, 10.601608943967]
[6.661165310191247, 9.958498114303636, 6.678550633809053, 4.444406568431848, 11.057369894036617]
[4.168067557501162, 8.305285005243567, 2.23416621921289, 8.928684321637185, 7.994582114778552]
[1.239069512182993, 1.2629364862499135, 4.53680795425214, 1.8753344883711462, 0.8352165458678238]
[6.9148419502347185, 11.014444527295787, 5.130426580871341, 8.696322934605407, 4.626820407673577]
[5.791791795707227, 7.859078127512027, 5.153268773163609, 5.844887238189372, 6.827723682538045]
[7.836689371988497, 5.983060500846406, 10.073115254969602, 6.023742699503952, 7.989738292174407]
[1.0501932449425908, 0.2008422323050083, 1.7786005599074244, 0.4985250644268837, 0.7732972030828469]
[7.650559564591269, 9.705030991096638, 9.152680418675049, 4.992402005134615, 10.583480881586105]
[1.8263856131634952, 0.558554382788838, 1.1488981177025228, 2.532230733218808, 1.8609430142260033]
[4.36248145027659, 9.372872780731432, 8.207072938093056, 9.265155423206105, 5.948531001235448]
[5.330001542994366, 8.759148204061493, 6.01121717084699, 9.235936740549285, 6.950733188112215]
[7.037331572146488, 7.371888893898646, 4.425187961072516, 5.970781832443693, 8.59289776509348]
[10.194671361409977, 9.554532398492999, 7.815547870720736, 3.5021953365790512, 8.522715070533067]
[2.92054191513186, 9.489060044373016, 4.222464140013818, 7.167726185530184, 6.972964552261585]
[7.49827837059321, 7.155568596868106, 8.747891754541374, 5.852151870879396, 7.223426492151585]
[10.275622358497781, 5.472422554532386, 9.07286898984366, 4.198825264084586, 8.952567220816736]
[10.380717139091065, 6.953278491009938, 9.116688937726884, 2.981996860991634, 8.138280900175271]
[6.253605143460334, 7.315206230725314, 4.372750175331797, 9.246162736701853, 5.557979642870237]
[8.476996640344629, 9.029993401746506, 7.328165513543929, 7.0902321692977, 9.448608667302032]
[7.99397822605637, 6.08544128943419, 11.384800500364051, 1.9316025278607665, 9.177385697919293]
[5.7737077175098115, 7.172779411076398, 8.335675487680097, 1.4610856005889534, 9.262862885763116]
[6.956231086947046, 8.581434604824349, 3.8618921273763394, 7.3424164233184115, 6.006526690089508]
[6.157567071475022, 7.0045899209950875, 9.710248481169941, 4.5267988118331255, 10.265219286462859]
[7.05443616451991, 7.63547869861182, 7.1135640330587915, 6.096193389937094, 11.376313650424725]
[4.05505510466209, 8.535028853122103, 7.3719344645868325, 8.105193726363346, 9.927606259953407]
[6.886032693710662, 10.111606345264834, 6.570151540289848, 9.909065890339235, 6.1177361165326225]
[4.600610760508725, 8.925770238308345, 8.946509232531817, 8.511044076480392, 8.205610960378445]
[7.03620750565992, 10.786361631256263, 3.7133270974814274, 7.275722514431928, 8.967612102214632]
[9.036747868816846, 7.692388075845161, 9.26199957745264, 1.1792065471615736, 7.9583497591934105]
[7.682979355048113, 7.735181590272493, 5.616260704240334, 8.510261688309194, 6.4983543204446095]
[8.96057024881014, 7.90186633445971, 10.465086162513671, 4.846439840174925, 11.106912557115495]
[5.575669129695764, 11.451115464768591, 4.8082080961336295, 9.176032683128756, 9.729278268426153]
[10.18626724637252, 8.133134036194027, 11.857376238709573, 2.509443964264291, 9.372501564630829]
[5.381675784246805, 8.656573102016173, 7.326418433909844, 9.193032252223468, 5.792264555630857]
[9.158057383390359, 6.122996729732832, 9.979654806957754, 1.4695522099275866, 9.980552252947897]
[5.518262800279944, 9.759940353813928, 4.56781098409016, 11.001566315383574, 9.93343477074804]
[11.38762033954335, 8.784224111378293, 9.098328844193478, 4.917522700401397, 8.868815024796383]
[8.910647436797317, 10.505631264317953, 4.036781549957309, 6.9246821957299565, 6.805699974914096]
[6.35437883625713, 10.205125356549583, 2.980457328267045, 8.105895892820943, 10.66765668943745]
[5.4464844373788655, 7.358002168224064, 5.422722672902882, 7.028775589636243, 8.983022057241254]
[10.202588405882308, 8.96781200133157, 9.258890436737461, 5.3098993411619535, 8.042485186665198]
[1.8455016549523138, 0.3043739791517157, 5.082109158820319, 1.744608064441866, 4.336059801395235]
[8.38768332524318, 6.576061380416539, 10.180829561094928, 0.5631917142579574, 9.861551497455437]
[7.858905380135402, 10.74707586625913, 4.772061640807808, 11.083879509488611, 5.898764586360805]
[1.2768148038274592, 2.616071783323264, 0.5889746655916506, 2.7938831871059664, 1.039140800939372]
[10.121241948220383, 7.921746505181931, 6.864147924828904, 5.1997451029006045, 11.223134810742124]
[4.514881201346025, 7.250630788909763, 9.08069727250333, 4.838612747851839, 10.151789443394366]
[7.3120351941872626, 9.591244791145904, 9.276270639694353, 6.331994255028636, 8.831244526354503]
[10.453316219732459, 5.440514580772934, 7.9689680769323346, 5.746662307261078, 9.068037329688622]
[6.972560974041224, 8.746199135931043, 8.006893688677017, 4.765519386185018, 9.429342002554563]
[8.51066217863966, 8.201430998775352, 3.881594388428903, 10.032492627227516, 7.250156209008865]
[5.907960538462174, 11.404686924886654, 4.011422310271881, 9.767316254953986, 9.145604791389898]
[8.746478357901697, 9.658151270820913, 5.564234114243429, 7.1644139598431575, 10.263533250116353]
[5.203790490369048, 10.75681694576828, 6.160851817096401, 9.194308242010747, 9.648155015308781]
[8.258516118953224, 9.082758143075557, 5.5495663930386545, 10.228549002269268, 6.150696621474326]
[3.332279342499177, 11.260769102475471, 6.152873448342215, 7.463086402523243, 9.01323286170425]
[5.417210024679844, 9.20273516505994, 7.5932263011931465, 5.407634721954993, 8.95696485529368]
[2.9482594498863155, 7.666453362139645, 5.891985424434317, 7.416365849149484, 7.290154354173911]
[7.832838774629989, 10.828842650637117, 5.766396774193524, 11.381941775354582, 8.326083013600595]
[10.90342182907632, 8.0792644194359, 7.8527688740111685, 3.961392117254443, 11.764153740893322]
[6.766327254373862, 7.496224931871103, 8.477283756079077, 1.7741243257355683, 7.727280265574722]
[2.94223405044995, 2.042329537923115, 2.9801825347487916, 2.2168447550535095, 0.4754537878909275]
[6.913956370946291, 7.203837768234948, 10.655629241252353, 7.462012826536162, 10.068084588652946]
[6.423826060566038, 7.4333760201243075, 7.645981173471052, 9.648976170104309, 10.263961955775748]
[5.424808607337875, 10.803399858874432, 4.665779868507638, 5.880016589028726, 9.986453975666054]
[5.7131643732902315, 8.323842611954467, 9.298578131693722, 3.3604790379893537, 8.038960378213652]
[9.151959321985693, 7.402750438199542, 9.665626669019309, 1.8960375760382213, 10.581848451917486]
[7.269635762791396, 6.772949633805755, 7.496513146966656, 8.51291213605252, 7.434821285730122]
[5.846927746006887, 7.599936213573988, 6.6045300585382885, 4.720957730082159, 9.571792061535223]
[3.5575569153923956, 11.22216802147291, 2.9142865130913402, 9.16636153529576, 8.23001934449253]
[6.723714571986772, 5.912895876749536, 9.619257172632796, 2.5177016252124558, 10.721309795072031]
[4.333967066627919, 9.875337303168564, 2.8638017648169862, 9.01129276592887, 10.15574855624337]
[6.220973023551389, 10.593980569420674, 8.16017720673122, 3.752211077245574, 9.15917195238451]
[10.395623567985648, 6.979972289255214, 8.124858369133872, 5.239830810346298, 11.356685457297944]
[7.979650563292239, 5.069645878158141, 7.15375898916243, 2.622420804579024, 10.81505758144826]
[8.524228412568508, 9.75907054941718, 6.065352494983572, 7.291104346254205, 9.058336217223953]
[4.8566078423578185, 7.496695038604364, 7.475769813091135, 7.897867002491776, 6.02559911937119]
[3.6856273439279477, 7.665787961623847, 4.476012392727849, 10.603095998278068, 6.5521941913905835]
[7.080475238854834, 11.124694604518597, 4.008139396417306, 7.653076920850338, 9.057046813462641]
[4.8167196743418454, 9.598223464963002, 3.1984735863125895, 7.256541444686361, 7.305102010691647]
[11.329822336773077, 7.81730539922437, 7.430947354703573, 4.619900668141565, 10.181273273396226]
[6.586127179635685, 6.5214910193198286, 9.748327151769047, 3.410192924761453, 10.322685345547761]
[8.44327763312404, 9.571048703082546, 3.4919838362725693, 10.80666422630974, 8.141004346342376]
[8.103384785780682, 10.251015225374239, 4.703377139143994, 11.038962743644936, 7.045503552329009]
[5.812548732894912, 10.339970863534573, 5.051426968393811, 10.561045412135496, 8.0480029829388]
[6.281612543461404, 10.735508912992096, 3.6461370750287965, 5.829050060814583, 8.539980068374344]
[2.8603236809495147, 1.3780848218786557, 2.7035924560195777, 0.9795246446346804, 0.4144708198422862]
[4.762088583887527, 11.453929774239548, 6.215676888168149, 7.9113612803222235, 10.093535793632352]
[4.806283481149081, 6.974801857317665, 10.840635357261663, 2.991220629915357, 10.530054105648397]
[5.2480652631707825, 9.383412725534065, 7.44102662344728, 10.618452108731638, 7.0044913475396715]
[5.254421398454962, 7.493716587348366, 3.2097187470128796, 7.797970479756772, 6.298124760727596]
[8.267923356506742, 7.622401334483852, 8.774136964686347, 6.015674373153038, 11.443288779637767]
[5.723689745050326, 11.735096282835402, 7.0605210536482845, 8.64700314124558, 8.00180127915559]
[9.017998375560758, 8.150636205199834, 9.157911211962325, 5.377388262227919, 9.952926257822625]
[4.72900196401895, 11.548394278945066, 3.2895600593891348, 9.019346348970453, 7.183397978771696]
[8.257716956703408, 8.597471866101566, 9.191648372203964, 5.151354342485446, 10.795916941815891]
[1.3983662151268854, 4.119534717260945, 2.195293458227667, 2.2460053116893928, 1.3521200361837105]
[8.917324061477267, 9.104738220324068, 8.649056674346522, 0.7810040497731028, 9.313232364073372]
[7.478026437443271, 9.546144797953493, 7.004540456953523, 4.409854398421148, 10.487409625573024]
[4.659886646664079, 10.670198302040987, 5.392872111580839, 10.1755632522664, 9.560330667222626]
[0.3506751633661058, 1.327898920672303, 2.9731831489446425, 2.645045054023458, 1.0534892937871123]
[2.1898283931290665, 0.9854136896809575, 2.198322316159756, 1.1140560916996662, 1.9422375509920657]
[6.663093384654058, 11.137037023327805, 3.336548806097182, 6.9154058401835625, 6.7346564939215305]
[8.399087109065725, 5.586051798006676, 9.852825908250248, 5.045213742261266, 9.677295931212957]
[7.82669750493305, 6.625864098653475, 5.933675919167102, 8.117142158226738, 7.5500187796629845]
[1.144395388948075, 2.3016597361221898, 0.8290825136661737, 2.787993855900341, 1.8595493999889632]
[9.26588640560129, 8.113500630627376, 8.279368170455543, 2.426751301164671, 9.25679326645874]
[9.465432657657715, 9.72160254804224, 9.895598923379604, 1.963866432593655, 9.463121671533187]
[5.581009795987345, 10.442295797879295, 4.081206541065914, 9.503426490108438, 5.33583669345353]
[0.5859465791122647, 3.331920353233319, 1.9051665560596476, 2.8288830846767934, 2.6281405743713284]
[7.024147109860455, 9.988522943647157, 5.439844773942355, 9.49524595071683, 7.2051279289599535]
[6.078930731703215, 6.961261359990262, 10.516820136787983, 3.5547070533294174, 7.941174611797201]
[6.666166636466951, 9.815522439953847, 9.30941380786678, 5.329558109009762, 10.997346406150374]
[8.476120801389433, 8.036535854285393, 3.6126653624936407, 10.205895690648623, 7.762365208074245]
[7.625506076155735, 5.6082111146614455, 9.450100593504441, 3.9846258711401217, 7.556557337010352]
[6.726487950543641, 10.933554275405593, 7.497761916538419, 6.626738713225484, 9.011879063403423]
[5.438407137280564, 7.256411103669792, 9.230599499711833, 3.405306218104863, 10.284377955184109]
[7.103499881850076, 10.137955407470407, 2.602986475611296, 9.195987198874665, 7.244583095341692]
[7.693498141727423, 10.336885191233499, 7.7805538181709375, 7.53395453261909, 9.468506403033757]
[6.609887245481891, 6.161464727176799, 9.8980425099437, 1.7111641494819292, 8.178919410535313]
[5.832573199152325, 8.35621917562106, 10.513106651159127, 2.4354139351501507, 8.557412082943273]
[0.6890073993038404, 0.46942545610472175, 5.877128039613176, 1.1741031031738651, 0.7150902967923658]
[6.279791302672516, 11.306794634797852, 5.107594422689848, 5.74382411991653, 9.074213111240114]
[7.190181996560787, 9.310088395877166, 10.682057466616946, 6.405799882944061, 8.829575928462528]
[4.670962198630239, 8.577440200153157, 3.9265779725766046, 6.698858369517245, 10.168650402326675]
[7.074089439042217, 11.841595228993889, 4.225935528243121, 8.388243590324969, 10.510910819290503]
[7.835965801257725, 6.822600210221053, 10.37111806172395, 1.3849156739256188, 11.767461859576862]
[9.918608460438557, 8.273577851236858, 9.160173798569488, 5.170178183781628, 11.67495390291842]
[4.931471379992678, 11.397594204763829, 4.974485298098417, 7.453389703165836, 7.727258396431551]
[8.645334082477724, 8.561385664602147, 5.212320824744806, 7.187245379583755, 8.158483786551606]
[3.191579865464657, 10.423788476514904, 4.523539237205629, 10.122372524363424, 8.332992520189302]
[8.729980925260278, 5.320275948761172, 7.330627420263946, 5.196541864283588, 11.653867997030783]
[8.92216846386026, 9.787479651064972, 5.631570737665544, 9.10993108069502, 8.124930313952703]
[8.202664690785438, 9.077099658054046, 4.932501227348908, 8.802611937842574, 6.623115835763061]
[9.564782571185273, 7.966767997418726, 9.39834161175041, 4.662843695126245, 9.568155377357716]
[0.6376953870608664, 2.1490197232371453, 0.7186350944739863, 1.6796517497380257, 4.133856274848153]
[3.8287943477019697, 8.184511977186098, 4.692473767255739, 8.026792522195944, 10.805102664405677]
[9.122835151605086, 8.372627626898975, 10.26338312330833, 6.8423348254661835, 11.678145449498391]
[5.8958752331669615, 9.201902379791921, 3.8217807840076348, 10.07261056538481, 8.882435837381031]
[7.197512872085371, 6.919925049757462, 10.67635582058677, 3.3369395168265013, 11.80728875639251]
[7.681074076015513, 7.308474436293212, 6.804440353921144, 2.5987149229883046, 8.322896169119977]
[1.4415150325279842, 1.9385950659314632, 1.5603272490926976, 2.4978725437309963, 4.430183969472021]
[0.2329214317373518, 0.3549953965438193, 4.8120010663328845, 2.688595455063747, 1.2398499744019373]
[3.6068949351246733, 9.77859097132077, 4.079720476604978, 8.981747469473481, 7.755114842598674]
[7.200393365566614, 10.057842275967019, 5.322088702844789, 9.92592507200432, 4.630920238188676]
[3.9870920583105565, 7.7108229802756245, 6.24280269949228, 10.91961330917753, 8.684943883026866]
[10.82722412315761, 7.400139050438806, 7.9105842105976, 4.444535193956632, 9.409125991094095]
[8.005241146748078, 9.396983234820853, 9.238585522566886, 6.897782941920719, 11.261154477427251]
[0.8893242640589487, 2.072818909316548, 0.9695046200637973, 0.7604460935278881, 3.6669964600111298]
[7.821194185124765, 7.76850699296545, 9.191444408367191, 5.996558294849944, 10.175755458608876]
[9.4135826973883, 6.077894140135406, 9.54787199992291, 6.624623134845459, 9.77743642989524]
[9.35306282128383, 4.6421415713456335, 7.695955901511445, 2.8439800984521195, 9.079852328530638]
[5.451198685320807, 6.857701181953155, 6.98913864903846, 5.6290321859098285, 10.237366124791599]
[0.2559175297811338, 3.2182649743065763, 1.0376912906532532, 1.4152994246059722, 4.105174160815459]
[0.11229301370872413, 1.3071572504986744, 1.6168857882797778, 3.564095808619785, 3.818639033119601]
[8.34772350653839, 10.233563806697454, 5.9619142920056705, 10.3857067122048, 9.989969930105131]
[8.206818352503763, 11.671542333741437, 6.094173679239251, 8.065511760071114, 5.675083936226063]
[7.905580172655307, 7.537058531530629, 9.416799057421507, 6.378920853045807, 9.49716574930825]
[3.5092607873775754, 7.470940906425767, 4.510440909272072, 6.379526819406086, 7.794645493844594]
[3.0067725907614524, 0.8866870339486637, 5.0649846130775344, 0.32449552272249615, 3.7013606382670723]
[4.523757947110567, 7.711727343688152, 5.885153200048488, 6.982431102912393, 7.040288668155933]
[8.006904060805665, 9.519644493211551, 9.718434948854993, 4.1117461423787365, 8.230013733942076]
[6.1154320770208175, 4.8478194633048055, 7.412704027078674, 4.724570688450688, 9.587470688529939]
[8.741484507768417, 8.459912360973503, 10.980117318713923, 3.42139818268475, 7.2311776174096005]
[10.310285556526226, 8.407655829764764, 10.419050742210967, 1.4765006875942648, 11.177487526947989]
[7.343459324071708, 6.813228126317725, 10.56695375434294, 6.5518348034141685, 11.279131857254924]
[8.427721150350283, 10.742789064009646, 4.428940548008629, 6.953051863412945, 9.518204466449566]
[9.155445096701497, 7.837797648399183, 11.779465027910742, 2.6572971798195546, 9.660175510380425]
[2.7754553677695633, 3.6199512974052186, 2.793751804584876, 0.43157640664766994, 4.230900183667005]
[7.905869256311698, 8.716561216811911, 7.186936477897157, 7.373756910522416, 8.116730931633711]
[7.518656883054474, 7.832474084165737, 11.290732189387159, 6.347069910669654, 8.458695331679014]
[5.5583411894393056, 6.344005630056085, 4.894029435807162, 10.24428070398334, 6.669233474587161]
[4.25430473287601, 8.31777901576924, 3.966724617858855, 8.774782688163011, 10.362835097933797]
[4.957744945813889, 8.53626949969653, 3.5457307556905575, 6.467635186064016, 7.106949473353029]
[5.86223654088473, 6.694156110696054, 3.273377750986349, 8.019161009133105, 9.317412040452288]
[0.7506102088391353, 3.4770751127360797, 0.5798774254587737, 2.04613455146435, 1.6865549466264476]
[6.359280952781743, 9.358213954993719, 5.672362698915887, 6.078579078743331, 10.07096632089909]
[6.578009177379611, 9.335193527111134, 4.780036742816691, 7.826139780441414, 11.083167189683603]
[8.662872801144514, 7.586956425919633, 10.03602481322307, 2.041837400960205, 7.425356867776129]
[7.761605169369888, 9.051371112530925, 6.680266972975948, 7.839591108055558, 9.681769097011493]
[5.070001683217546, 8.512062194001645, 3.980002878317227, 11.511414655769574, 7.235192954156798]
[5.503777583065614, 7.356208684995341, 6.394109498160916, 10.764788317943164, 8.283157233965094]
[9.162541162605734, 10.5691802669665, 9.207830821170909, 4.788197516378338, 10.069581197542883]
[2.808264590212296, 2.2334783331380046, 3.7563031848808417, 0.30496758127199763, 3.0795008437808904]
[6.390569327401425, 8.180346230958229, 6.917505610059355, 9.688221204040797, 11.115132110582305]
[1.0504989971446141, 1.8909584136961763, 1.5210234290341957, 1.2692940782824538, 2.824979141109326]
[8.108679915682778, 7.541631003593039, 4.913411645232863, 8.852932553511428, 6.252365591780866]
[0.8031863714797365, 1.1038270042681373, 2.7163604173156104, 0.7438147593970026, 3.517135354172628]
[8.42592352148734, 9.466335138124933, 5.621224149976777, 10.316311424967523, 8.469070674159116]
[6.3467414762205685, 9.032315236001981, 7.982355456762212, 3.139550091009836, 9.45969907489905]
[6.753516508629065, 8.574541367951614, 9.549769852126737, 3.8640410826640648, 9.483644103619797]
[8.231006983328204, 9.6189652378718, 4.216198909679779, 8.970883813900377, 6.606362045063717]
[9.160286532522125, 10.813869947581603, 5.6590620084589816, 9.576904780345322, 8.253281871897503]
[6.079126161286072, 8.400710612680337, 6.001256204107078, 8.001606523252255, 9.835903226398852]
[7.519077566992956, 8.733560409902172, 2.8703873909943574, 8.415119431999727, 9.411938545488082]
[5.747879663734823, 7.76395078639025, 4.671086668422356, 10.319817727557684, 5.1048574557556465]
[7.162982782553485, 10.706973027736538, 5.277399354414927, 11.098735041092501, 6.0415684063376185]
[5.673123918557957, 10.240173243739546, 5.33385487916963, 8.650222578629858, 10.995080451413912]
[7.607965338718824, 6.302335344933805, 6.314065671188681, 3.214904093235529, 11.017744882907781]
[7.768854426692966, 5.592244370462392, 10.412114243396317, 5.563421441239855, 8.137805050284502]
[5.59784985324275, 8.192627608713543, 2.642987313818987, 9.181795489594, 7.930825317131133]
[5.164597993736405, 9.497293564772885, 2.4033812073391543, 7.421069161355671, 6.639496637172748]
[8.379649330206686, 7.111599121139427, 9.508128106577594, 0.8776775061027657, 10.667993089005703]
[6.337276084792798, 8.535821589102477, 6.758788328508251, 4.7176374771307845, 9.787449820109737]
[7.612025457647251, 5.736123561531095, 7.305960841429407, 3.2103814407311124, 9.384304313647611]
[7.2165790417096325, 9.747469248814507, 7.212109079050013, 9.227774646253534, 4.949020980401488]
[1.5354106504445637, 2.6622325323898566, 3.301109031147697, 3.341239092760779, 1.9290510518545858]
[8.541086406945695, 8.933910524607313, 5.564252886335803, 8.075298743968244, 9.038727834257541]
[9.441465760338055, 9.047797981459635, 6.003217146086196, 4.772699496643554, 9.219183489100777]
[8.00432817032358, 4.76883988415149, 7.784405207372491, 2.0852152262810715, 11.633317054264936]
[3.2056397694609804, 10.483471383820405, 4.383717845057975, 9.983426514468295, 8.90579801294512]
[4.643457722282859, 7.98684848979166, 5.432341621028987, 8.253484728220926, 10.36901443503913]
[4.938541837929529, 9.74801380211694, 4.4390620189935435, 7.076499738404248, 10.241578259522136]
[5.485758592857618, 9.92202125879903, 9.981572205648758, 4.657478396386397, 10.741464707584743]
[3.2027788117976357, 9.725779463421324, 5.986667337975143, 7.474582630615878, 5.555600739265646]
[3.221747804689715, 7.887046579304242, 4.840489977551175, 6.852410545959435, 6.997910154157257]
[8.778293657890238, 7.972888875689609, 8.374386133062176, 2.3513410681938005, 11.017100637377842]
[7.884631160469183, 8.167721143138532, 6.764393035960937, 5.655844508610415, 8.871781342801063]
[6.448232327002403, 9.119274123508282, 3.5229530027416307, 6.67943153540744, 8.23524486801638]
[6.013094747321911, 11.64185284678495, 4.3150448294571815, 6.288814358110597, 9.003901302003072]
[5.249070915392392, 7.2392225069472325, 6.811693536924427, 3.332072171644444, 9.420788495596446]
[4.41858757208284, 8.817806708374583, 4.222313480641283, 9.222536092703631, 9.753806545530722]
[7.271033462417007, 10.191995078120108, 6.051567215494911, 11.249766887206759, 7.085279358037472]
[2.7489250927495266, 2.9414131520459934, 3.891103184656365, 1.874886903074795, 2.74918039262767]
[6.852245442035324, 9.411251135942738, 5.755854219075193, 9.538913312672811, 8.275875288611756]
[5.0704207471145315, 9.606715609802798, 7.537316290509194, 9.87022713048102, 6.834469297897257]
[9.319697029584487, 4.695792934790417, 8.140861620580075, 2.7534900337004795, 9.459127580682711]
[8.68755862559263, 10.571703747953245, 5.567064690075202, 9.867589085614032, 8.205936449766927]
[9.69055369641584, 7.269280711285999, 7.9414613889024555, 6.17369827403288, 11.281633078604715]
[4.083383462040802, 10.920299184045113, 7.027971486821783, 9.052955966981537, 7.823894841146587]
[8.393074165806286, 5.546893168246598, 8.422908100539853, 2.501807438605938, 11.72485198788057]
[9.824694020400594, 7.649562662728213, 8.151337453663292, 5.329159515484209, 8.15631111774987]
[5.976440282252202, 7.764564553358724, 5.87812768248539, 5.401730845066012, 7.708288696825107]
[9.824052540021988, 4.039571064780574, 8.344100944305206, 4.169542869291827, 10.539979524867077]
[6.924698990187093, 11.04820811878045, 4.545133919810384, 7.293800075223412, 10.403513416509643]
[2.7918542001737507, 1.3521169154370174, 3.222327929039404, 2.530028656068939, 3.7514864379494526]
[5.62788735457374, 9.443529726642328, 9.058603930468086, 6.415934214282897, 10.782544158080338]
[11.127010185950489, 9.634208161489777, 10.07994498118524, 2.826529049389247, 10.70771991091412]
[10.446959856828814, 8.840375297207288, 9.11525602135756, 6.728000315733418, 9.484681951316102]
[9.090087578440546, 4.181214039926094, 8.494045291767003, 4.12341939911861, 11.755736987324344]
[4.534142785151949, 11.44501959378833, 5.158565367140623, 6.927806044631831, 9.412304478925648]
[8.95781477000898, 7.208376078031126, 7.9425191947141, 7.08283620030887, 9.854732166633074]
[4.064770519907736, 9.720394909350933, 3.7301289529788866, 9.49622836894763, 6.977645808658985]
[5.669853212947359, 7.73855343199881, 4.579121653765443, 11.15926136732985, 5.844794362227153]
[3.398702674573518, 9.202631859606486, 6.203847205398865, 7.752771698959142, 5.217080909060295]
[5.677508182266526, 5.029393386934597, 8.215875986693238, 4.031751236465606, 11.66978270588166]
[2.3456204069382567, 1.0906940464120591, 3.2869719272234397, 3.1667155219328307, 1.5834146757851126]
[6.273127783616516, 10.592374166921822, 5.673144955461847, 11.66465874685249, 9.857549173249273]
[7.535896059732558, 7.966714327663517, 9.33844166823609, 6.826644828272588, 8.312359430585204]
[6.571339519258975, 8.096339207810232, 11.448178109816089, 2.7412813444995727, 11.652629034150817]
[9.445710581837272, 6.933602953152502, 9.437553184136135, 3.4383510653465676, 11.188136692486756]
[7.1721254175728415, 9.882455363809044, 7.686902602973225, 1.6820399773877428, 9.780195206391374]
[5.978773539567204, 9.442227130364426, 3.4868462477719477, 6.755390183459914, 10.082134946972092]
[1.80710165815002, 3.4074141536048232, 0.7567564020926216, 1.0039639291481053, 2.095653560718801]
[5.777132407407818, 10.155444809933233, 5.729316601073045, 8.9222118466312, 8.653293015977175]
[7.53986075684399, 8.998780490828523, 6.520052227953162, 8.483506335300184, 6.591258273415241]
[4.951480375182264, 7.015371369331923, 4.79228620228381, 11.210249939716432, 8.618107604651732]
[7.559917657683255, 11.082501609370707, 4.705487386902261, 9.607755446325976, 5.215033678023152]
[7.921759836201389, 11.206122668291808, 7.4014892071262475, 6.560991874861772, 8.843339297623206]
[4.8666527409094655, 11.509272527807735, 7.69086344836786, 9.939012795408217, 8.76269546001614]
[5.16726063771472, 8.23390863054248, 4.834896009827245, 8.475289416127918, 8.392662038036747]
[6.979703114291366, 5.475137536743206, 7.357004997394338, 3.2203547828299075, 8.544197175729524]
[6.035727649408749, 6.905816598688741, 8.836577295643178, 2.832454510150877, 10.665596570714884]
[0.7840352635313792, 1.8166851039984615, 1.9250390915012172, 3.071926311625763, 3.600726061750832]
[11.182272388797283, 8.889567678290188, 9.465356078062747, 5.757150918646118, 11.919859389566561]
[7.838416492878855, 6.6022557253672955, 11.669278910956105, 3.005935880960131, 8.730626258636855]
[7.172476964027222, 8.351561282055991, 7.414419989885753, 4.176281450576354, 8.42230232074413]
[4.303957305070368, 10.514580318891328, 7.78884954340494, 7.620547437777207, 6.537677679498735]
[5.640865292381703, 7.752992481417442, 7.810655116779056, 1.7128386231000001, 9.52834208717184]
[7.598278378182884, 8.395762047104856, 4.3128647576781045, 8.820691841913407, 7.9902945644511405]
[0.6996834596675705, 0.3550931181051129, 4.660951381081476, 3.384155390229332, 2.2340218113480588]
[6.8140052388210695, 6.922497501781515, 10.798030473469346, 2.5972886653230214, 9.639977685582636]
[9.162900326468318, 10.237872220100048, 8.826630607312593, 4.63692514189226, 10.594278756776507]
[2.9716302222714246, 8.657009035293159, 3.699749169598182, 7.497189818475454, 7.067018336840167]
[1.9896210270083725, 0.09575527818112128, 4.791628534155769, 2.0143155911022013, 2.684938214333902]
[9.111197519953237, 5.341180943991147, 8.084610268910566, 6.801782327919221, 10.240994960152028]
[8.72225654630186, 4.410529925984601, 7.814855678158253, 4.020016727717307, 11.273257049163949]
[7.595788522667291, 4.277141782148808, 10.098833551339542, 4.3556017083255405, 9.89845673329918]
[2.7487010827351805, 1.4863010501616465, 3.300806291263834, 2.410023380954307E-4, 2.100091424676181]
[6.359053286694968, 8.942383553345369, 4.84648402532534, 6.8931235716661945, 5.035933248100921]
[6.522481941734015, 9.180174912328322, 3.5580741829328737, 10.604080431136904, 8.142973311939343]
[1.4447204262842455, 2.496644030563788, 2.1215200112920716, 1.5349331249879055, 5.691083481086833]
[1.2004554760423396, 0.7759285633744968, 3.9965507477081825, 3.4411490910422327, 3.7672841221578537]
[4.189707952890512, 9.360879195749211, 6.940819018059484, 7.408188617885702, 6.502871378955208]
[6.8547046199793105, 7.0258327340520985, 11.90441887638738, 6.499620071430778, 10.591535652697026]
[3.417026382930485, 1.8797680558986567, 3.510060146840877, 1.6062041136229865, 1.3087156752041325]
[7.2265376931242695, 7.733341223632314, 10.930439240403512, 7.3862091633428175, 10.667230377722387]
[5.6910734033174695, 8.982498532593716, 6.345344230187527, 9.406689362727729, 6.596870126750279]
[1.4046682750009074, 3.5617372780879086, 0.45479893725059073, 1.9992058570946343, 2.3412784383876604]
[8.109674166257145, 8.046731527151149, 10.747121207425899, 3.3363257747399433, 10.391246266350446]
[7.987544043037943, 6.554746158056006, 6.761652309041228, 2.4520772398969854, 10.107948050202312]
[9.456371906867394, 9.22066642252169, 7.750727144595604, 4.201332270736453, 7.769376960419576]
[4.646431088475568, 7.260657900620934, 5.2441372471857015, 8.545379619273037, 6.1655476052374905]
[6.8860687478560045, 7.618013648801841, 7.499464621601701, 3.1237301541199267, 10.064002371775288]
[7.997368820857517, 7.256714107894792, 7.7996333969668825, 4.635503370144955, 7.9048322643277515]
[9.563990026112242, 10.052091563479964, 8.20728176900986, 3.1885160044169742, 9.202049302079962]
[6.5870870945418165, 10.112609050903384, 7.673778017896112, 6.557190219549537, 7.809960199406931]
[3.7851423406160927, 10.164754958897847, 2.9661014280922995, 7.597553783593934, 7.843306561324287]
[5.316144787108465, 10.06268200727534, 6.851163366271349, 6.991901191227507, 8.863999833709611]
[6.929365170875707, 6.272239622088528, 5.171378940352669, 7.690513376878007, 8.14912160869236]
[5.917620554008837, 9.726877519956597, 7.666264430125325, 4.3625096610822975, 11.541779055850244]
[5.348764468696427, 9.584178071536765, 2.9358113077235326, 9.31141412819563, 6.300739747935086]
[5.0546989980401245, 6.9587715433172415, 8.392264669851519, 5.000811482812473, 11.351737700179996]
[5.404191185073785, 7.570472750606163, 8.18114689938271, 9.203982947725605, 9.194787948781864]
[8.654093031318094, 5.328373713418918, 10.713790293617892, 1.4704993287127888, 11.351079495739047]
[4.604062774319225, 10.514891043068916, 8.302809183300091, 10.348522454109478, 7.280793235458487]
[6.4909236413942315, 9.009243273930208, 6.239517858650864, 11.571308555933655, 7.246050861505025]
[6.158628093729894, 8.586833251776351, 5.02821441825172, 11.226623910978445, 7.793786283128041]
[5.469472443296029, 9.480815577784554, 5.984877415844968, 9.696414475572215, 8.147950449268858]
[7.8537344793388915, 11.680084606394708, 5.738167963325639, 9.518593571963079, 9.621713067583796]
[7.457858187965063, 11.417391819088573, 4.558633702923979, 10.60388789910283, 7.329667954916987]
[8.247451010029792, 10.169151554890181, 4.658980199306651, 7.741296442624902, 6.382487673304388]
[1.8453455628534008, 0.3445386319219881, 2.7130488502771324, 1.2144934679842039, 3.0233832468145545]
[4.694852167730581, 9.287434778564668, 6.092398901707423, 11.819220100681873, 8.266851766135611]
[7.856792002354473, 8.448959426619394, 5.132979350436622, 9.042029264561567, 6.777387641319979]
[5.139479296335281, 10.57871749527706, 6.331282527268849, 5.594876568915253, 9.212755767973231]
[6.280410879027664, 8.951426491377184, 9.914814570569867, 3.607681357131017, 7.603418004468644]
[7.335254754780469, 11.022576873808026, 5.15972181098707, 8.878915947314717, 6.4833394214827855]
[9.193370593924028, 5.206710186135711, 10.477642202568251, 2.8986908545690566, 11.384772871333517]
[7.5386443299302535, 9.15349486165224, 3.0031193113935846, 8.017740247969884, 9.493112761041603]
[7.632245833861107, 10.542902068965182, 3.4801756601906004, 9.342434986580546, 7.000942808293622]
[5.885276220347098, 11.145410463242012, 6.645544938054412, 11.772512044258137, 8.428433340024164]
[8.76571783508253, 10.847265483718935, 10.419338873722488, 4.455212315931794, 9.43289188091223]
[8.455469228226697, 8.882960426266058, 4.548360268325831, 7.20408693789653, 9.618749714951814]
[9.489087150758177, 4.681527473208064, 7.719086069463195, 2.3690301272346606, 10.268702229653293]
[6.685716644363474, 7.782203166959466, 10.671084494190296, 5.581716728077522, 11.259396380074234]
[6.084966388078957, 9.345687410185292, 5.160859301831056, 6.168245605551551, 10.095026184330603]
[7.15859156967636, 10.962564266370464, 5.634175228374433, 9.38164745514723, 9.237172896141413]
[3.8297914975427743, 10.848468015611912, 7.952401134631257, 7.936103697658661, 6.2675281871949124]
[3.1992732945282767, 9.834869095008255, 4.7387618022066125, 6.956591273310643, 6.634873986596675]
[8.209140428468055, 5.417549287651203, 9.484096040875539, 2.1793348986087593, 9.310840195614045]
[7.672175551375239, 11.41434620860214, 8.078281974443312, 7.520176117849985, 7.4856187399999286]
[6.474811618012412, 7.594349313183367, 8.088902752002713, 4.625922028176999, 7.818695738361274]
[6.5650356917592285, 8.154870174494054, 5.716532947858619, 8.941501703333419, 6.269784845246644]
[4.678035731346241, 8.494736970525468, 10.594597239996482, 4.379576233434323, 9.623788348908857]
[7.566658130174095, 8.02644564719505, 7.771801777417581, 5.122220665975522, 7.040672944423711]
[5.820781122691185, 8.500233005017396, 7.7015363211387164, 7.187633944179721, 9.473711965892992]
[8.697406914300014, 7.610958465483522, 3.766611840506067, 8.487916480284543, 7.726279875493377]
[6.528010949282642, 6.61819483987617, 11.723805385828086, 3.6080583726690034, 10.411935686055426]
[4.4618914006417825, 7.084936695843043, 7.502163571170667, 10.124069811010587, 8.78925789449098]
[4.812683213892317, 7.439658133899421, 10.28041118195997, 4.055068227893193, 11.535799433624124]
[5.1455309133134755, 8.781332307230574, 6.05184890566733, 11.060975615440583, 10.612204360349123]
[6.0632414701885855, 10.29597063223081, 7.407458128614223, 5.4945333812943495, 6.816457100683158]
[8.367422480550989, 8.780248667223466, 7.022769063526383, 10.567922260475484, 7.508527781710773]
[5.359598438818455, 9.13585972474438, 5.5312123736362295, 8.070950984164751, 5.6028937325732]
[9.119477698598349, 8.584230474914161, 4.252462428819923, 7.977384684695106, 6.289146846866904]
[5.913719105282764, 9.529107939353372, 6.114031568378797, 10.90218994184966, 7.244714972970149]
[6.942894242719863, 8.253061670221127, 9.446596558875267, 4.8831608771234425, 7.049547995012068]
[1.5156295263160038, 0.6627100390826728, 3.3317687672571368, 0.7534454305873197, 3.564156504903676]
[4.410754982389921, 9.959600800767554, 5.155920423053496, 5.552277808322329, 8.693447712390695]
[7.931039441929093, 8.398719273773217, 4.785027762439228, 8.576810823126301, 8.353625928986482]
[10.319594061285816, 6.931700596903161, 11.083634675801454, 2.770821771107141, 10.529007604261775]
[4.9078492981380775, 7.820900707146243, 6.156332898346502, 9.315718392049408, 4.959607566380454]
[1.3211700790599008, 0.6429204617576048, 5.257764016257438, 0.4117120029192871, 4.698349027195855]
[4.288821681018865, 9.543729963888822, 5.0932102868174765, 7.934577971627534, 7.907409102313062]
[4.378564910705582, 7.8240255901381754, 3.0347053667273793, 7.2564833718842365, 9.325785241390037]
[6.420084871500725, 7.357713433893304, 6.255465608400792, 7.728345793215523, 10.961455284053738]
[4.661798026569352, 10.979958665808082, 6.09719049504997, 10.256518042809489, 8.846402448667765]
[8.523620327079854, 5.304880483924825, 11.04807408261227, 5.788077731010738, 11.007466491042548]
[2.269611555421504, 0.2972494441580018, 4.986081464993248, 0.05240146465832618, 3.9324182620328445]
[4.380221946155174, 9.320828944310632, 7.103542916774549, 7.536387380573874, 10.358528791110613]
[5.594355615643596, 9.707686846814621, 5.129580604760876, 6.1017497923176025, 5.832928187373321]
[7.411356476282528, 7.41094173716006, 3.951536655508659, 7.7478271248150055, 7.565196565893654]
[8.705248921705818, 8.602603033279625, 11.016560095213888, 5.06212229383034, 7.335146734644425]
[5.448106949714042, 8.19470623061903, 5.6427005545545565, 4.877846337446035, 8.044652194443145]
[8.703087502239466, 7.442726534286942, 9.576809265939863, 0.8494368953737412, 8.921123840346905]
[7.531356752911055, 10.735961933888383, 2.581933141962893, 7.027091405476526, 7.320165133926924]
[9.128037156252116, 5.8548396755207825, 9.465517753378677, 5.438166947053535, 8.250919776324526]
[7.025876286231218, 9.596554469846263, 6.021828675670861, 10.594980796321007, 9.75319716830305]
[6.856802061698417, 7.237929462400796, 9.072520006385695, 6.097327059960634, 10.71235664284556]
[4.338223991759923, 8.945313687813181, 2.924931942301345, 8.474692067370597, 7.990399132560526]
[4.592292030225957, 8.790803772336982, 5.971636914142522, 7.619600095655577, 7.857905697914615]
[0.4057325059118009, 2.3600725101076394, 1.6588750679992939, 0.9948233822189034, 3.591963420645288]
[6.424556842269078, 10.508298163511483, 4.641247550358349, 6.063877354696761, 8.185869926315839]
[4.362603148966942, 9.23212124232022, 6.358654133312298, 8.891625048212141, 5.329619306516873]
[8.639800481664865, 9.271492075261948, 7.591109789880704, 3.409675164840905, 10.745208767962147]
[5.192312387124442, 7.216692895741463, 4.046038890917275, 7.644538653046446, 9.110699600695176]
[8.88471590022223, 8.071209360732041, 8.774771150750766, 4.185789030748891, 6.80163458995175]
[7.520935196879238, 5.181316173912977, 9.117557990106663, 2.2990649089971105, 8.050312174921833]
[8.78463521674614, 6.699604508718064, 6.794368168894713, 3.314737204515309, 10.362128893529317]
[8.270573855247452, 10.759772958172633, 4.494756086588733, 7.808152942731338, 6.8264147559374875]
[10.448759488733232, 7.188756666997543, 10.672499759216915, 4.057886222326166, 8.915977945362492]
[8.001631671736106, 9.520825416623367, 11.96891657591103, 3.6936460989846, 11.764184460090503]
[6.006946714871159, 10.482053089648865, 3.942311152235946, 11.327119436061663, 7.560796847473607]
[5.462233318047144, 9.43657124252727, 5.028731379498508, 7.331002475500667, 8.693551074840864]
[3.5913523541892673, 6.7290159398401395, 5.087100012491026, 7.79379546646557, 7.556569983445435]
[6.714862745585923, 11.17485253646384, 3.732165019778063, 9.361025302274623, 6.765631740882811]
[8.200128637345152, 7.756744891761233, 11.24128764153894, 5.227106874493635, 9.071209361515537]
[6.623211828387577, 7.345205961124192, 10.50997606138577, 7.07709622885412, 10.183260300050362]
[0.42008224207457356, 3.7288083526881075, 4.995073455433179, 0.33459738774057834, 3.9696606030610226]
[6.706173271746361, 5.266897877503432, 9.350413031220455, 2.215970785584597, 11.476774257321718]
[8.256504142748181, 9.508223022413858, 8.834826369623707, 4.156504446533567, 11.712702269838562]
[8.78294286746694, 5.167045344504066, 10.39729194647224, 5.643334149828227, 8.078826055961816]
[8.520945336141551, 9.608791403872315, 6.360418514547645, 11.151320024834451, 6.7007970285647955]
[7.631335945552859, 8.47022098604213, 9.451265362821758, 2.3973751665281635, 11.523699684742974]
[4.7523372301002675, 6.001348645594276, 5.59941858961176, 7.8508254037994565, 8.130995321278991]
[4.487582292634473, 11.540044596344163, 5.178612927669717, 10.326764121016833, 8.82303241586742]
[5.302656747666636, 10.912242011379348, 4.126852137062851, 7.1501428723958345, 10.284130440567147]
[7.232143551719392, 7.429317879748085, 11.994665501981626, 3.300667595646643, 8.958933500311968]
[7.694031525393642, 6.216669898467373, 7.604448931269875, 3.1730453627820077, 11.867835581707]
[8.217163583218218, 4.358005632727723, 7.801307540560529, 5.223125914625363, 9.324472208892967]
[8.221910199382172, 10.759845449082109, 7.079441548487975, 6.438001030047031, 6.552251175663201]
[3.951376161226665, 1.0090819336256343, 1.935201857720748, 1.4535378601783915, 1.0693223216600245]
[7.986251695435656, 8.170707486909459, 11.990782308259819, 4.406256991713392, 9.264355010513754]
[7.151299688402593, 10.540566015863504, 11.161667457938231, 3.8658791043701934, 9.512612340142185]
[9.9361933478688, 8.678499419938257, 10.047589282911757, 4.883672702611995, 11.182231094408316]
[7.287603433977185, 8.36479033035238, 6.324238368057173, 11.609036940390272, 8.430243730514903]
[8.618248645011137, 9.589899682909884, 8.172488588408424, 5.874369956381903, 11.823279474505277]
[7.320869129495665, 8.321349384144613, 10.454742686161921, 6.098109879364072, 10.778461318273843]
[3.9700557169481763, 8.576966520408906, 2.991663283911484, 6.784236024569369, 8.27701117636482]
[10.880279627062048, 9.37395425906532, 7.674279941834665, 4.771458328915815, 11.311563012527014]
[8.045454180552222, 7.640894719160278, 10.147030877439253, 5.042152411046414, 7.076066250746058]
[7.510197519414003, 8.021446141039227, 4.603022987934338, 10.720542698973441, 7.338654655895111]
[3.6389509550457797, 1.850770903336636, 4.570537148333395, 0.34140336866903276, 3.382323034592464]
[4.987327204738069, 7.0129908189816, 3.8600479321667356, 6.726386696630657, 7.893076227812664]
[9.07544034476349, 10.722039596490836, 7.452893584818484, 4.843645384105381, 9.896920142136715]
[6.935662072775899, 10.954179180189342, 6.282632919430243, 5.951041446757339, 7.111575087265095]
[8.275159147690728, 6.953268870859706, 7.650880521663785, 5.973107953202536, 11.27197562915766]
[8.292329514271474, 6.700173507590695, 6.014719358234343, 5.751220367127175, 10.322151103705904]
[9.816599819230985, 6.994657168055275, 11.787287740761679, 3.181748279101733, 9.82669990596776]
[8.060701742337677, 5.862575750534125, 9.451467304223112, 5.858068118017211, 9.39371618465585]
[7.538016861676872, 11.517902528765827, 7.072996093288728, 9.356395847475834, 5.877064787437721]
[6.333157221023735, 7.389784260703264, 8.823450933895783, 4.169935792046528, 7.496487903880442]
[3.156780300836437, 1.4806245376468046, 3.537102829033702, 0.6838348471244227, 2.3288705913222922]
[7.955011241089833, 9.645110068720552, 4.172142445254052, 5.713095837970142, 9.04125636670915]
[7.0948921307196215, 9.848370247248312, 6.714707284201309, 9.886853793604176, 10.9000092668574]
[10.29973376687967, 7.503887225964705, 11.42441542213238, 2.614863544165801, 10.459577665609718]
[7.371273808066662, 7.621413890218127, 10.933501737960519, 2.0745637373845063, 7.643725318331552]
[5.223218201933088, 10.478199839791559, 5.135140449635709, 9.742813439913004, 11.39766964065671]
[5.4158536919753635, 11.08420878216246, 7.2869502754084685, 10.705514416536671, 7.270371653221995]
[9.984928885310483, 8.739976098032244, 8.404812189676774, 5.070732809406385, 9.766052621406603]
[6.581863025990131, 4.865598712096275, 10.869001862928725, 4.92607029966114, 9.151602782259056]
[9.702031025810044, 8.548234115171915, 8.509461849697292, 0.6331904145068177, 10.041002693929995]
[6.040832058748364, 10.07816796731494, 8.238429189076353, 10.288231549081473, 7.6766804589904325]
[6.736888668176141, 8.941556107215199, 7.2241772088682845, 7.918275585340314, 4.88553518803666]
[4.7025913974618865, 9.94362896399582, 6.58863545541446, 5.998692101448163, 8.972621280955828]
[0.7993065508610222, 1.2614699311212547, 3.3065889831970976, 3.1415866732302726, 1.6160155470752677]
[9.902012015737354, 5.603755265834761, 10.377042640255269, 4.744136650175323, 8.971322390990617]
[9.05827383195452, 6.906860852514972, 11.007573764087356, 2.9865415330497695, 10.849429048143602]
[9.654292406487007, 6.558569981214416, 9.725462052755619, 1.0648392059890859, 10.768882435071358]
[8.54954576513105, 10.458354353150126, 5.501216497394367, 9.895884153794917, 8.621540649665361]
[7.265976638481886, 6.883325018178995, 6.944365206409728, 5.272612215272667, 11.900929249127541]
[6.580637476462309, 9.900453906294635, 3.9096408790278345, 6.65429315194712, 6.725068014424664]
[3.857105527097514, 7.869301439290066, 4.886879982185984, 10.91515643955088, 9.163104161208937]
[4.434444089684505, 8.683394515121828, 8.15290153134773, 9.857882701305988, 6.847379168786555]
[4.271561553301006, 0.16745457523173934, 3.2625835605563593, 0.03803633767214043, 1.413227188048273]
[6.35218299168911, 8.311848096062588, 10.37476058231241, 2.8223607808702917, 8.456480541542525]
[4.288664058019613, 11.100230639928807, 8.231183262227981, 7.148155174152704, 6.868707461789767]
[6.5864702721523605, 8.144784200786377, 8.0813519701377, 7.396950357555252, 9.72094816271403]
[0.08888092538827141, 2.8525651620948302, 1.3156301381818558, 2.3892557400171865, 4.023360665752076]
[9.287351734121707, 7.916329583414079, 10.48007557389926, 4.7576697292259515, 10.963920841383345]
[4.498779646677892, 9.019962342637747, 4.4298878705989635, 7.0084544509741225, 9.067957995429627]
[7.72097557222847, 8.043515755831676, 4.05636869277801, 10.845870280076605, 9.374444966480219]
[7.503220148864744, 9.38537786368538, 3.5974281073903813, 11.09440075689381, 6.960811252987665]
[0.9068047663938636, 3.1817304807224334, 3.130288829983785, 0.1961595781556893, 0.681254225735556]
[9.620765639020139, 7.895247233549622, 10.653520159402875, 1.5049949684782415, 10.311413848767932]
[3.7278439807090398, 6.570261592360193, 4.967762874657376, 9.748843071125846, 8.789022780046372]
[0.15602876150893996, 0.45035629824678347, 2.8979467462914417, 2.666274777458458, 2.0597680121076114]
[2.8596308582747096, 1.8567781896237077, 4.642820163528546, 2.174229955855266, 1.242050100921753]
[6.126280780979933, 7.295733757171628, 9.04805140683942, 4.1506726983761935, 11.522446409287092]
[6.527169959679158, 7.479025511331258, 4.002367910677545, 6.284002639730888, 6.464330593842067]
[5.613806534445633, 8.619519973381786, 4.4257565905065235, 11.71681132290993, 5.940133426624717]
[10.526120291384112, 7.275280916092649, 8.482909846769077, 1.2069811432341688, 10.056670192311165]
[0.5344713340697389, 3.055916008313516, 4.3739092314952375, 2.059730151517375, 1.2635182564090672]
[2.0963822179126117, 1.0323270067768138, 1.485140958989016, 0.024642154825230467, 0.15271093281858228]
[5.6343433706215444, 9.095733601323575, 8.87039192557082, 2.057363690805907, 10.622605289397088]
[6.293175326029791, 5.667578561968437, 8.683233350154499, 4.426261761203188, 8.046687300396481]
[1.705284269670507, 4.360319461839156, 0.8784866830571101, 0.7529362958461103, 2.4392496496026963]
[8.69988038516451, 10.051849303843325, 4.376156386348605, 8.496429481413077, 7.883500875434219]
[3.8875197616113835, 8.972396830075215, 2.6451006447263907, 8.589929118037544, 9.25881724497831]
[5.826345626151955, 8.549453900149752, 7.315936400083643, 7.353766824637532, 8.868913703332993]
[6.405679816950899, 9.581605639042596, 6.9225349179587, 3.7425618881078946, 9.241961643674424]
[6.240685391993466, 9.185023514825176, 4.845984752617236, 5.21233156308627, 6.28523434960792]
[7.287048173570016, 4.97592040066407, 9.460117469116396, 5.770663089962204, 8.893551717165943]
[5.2788979514839625, 6.519445547717203, 6.98181314923629, 10.19004355054554, 6.587477063145053]
[1.0570563631879497, 4.268663021320269, 1.1875019534755658, 1.857651358212125, 2.7368597714589087]
[6.931372253756966, 8.93889549476824, 11.490082263636609, 3.7400783595689586, 10.90927627426113]
[5.654528081637558, 9.450362785449066, 5.857134230076049, 9.41137945306897, 5.821300562242353]
[3.7282586635929644, 10.063461347768678, 5.375920323141592, 10.728328508846388, 9.141275433057142]
[6.3868896806712865, 7.68789630662752, 4.993348291422667, 8.255492416754628, 4.804079708600662]
[4.759626599126116, 6.381940202060466, 5.4348009935897945, 8.887698659979334, 6.972774032378962]
[5.797705241070153, 10.453253961425409, 7.951242905331459, 9.494512751106331, 6.8000954490739405]
[7.811902841752378, 5.312559144619971, 7.339668703461497, 5.175144973311765, 11.152117288061323]
[7.5782520262718, 8.750128249808139, 5.71081011613947, 10.634851503722587, 7.474503419414219]
[6.0043163400664215, 10.721566322082762, 8.717335489578716, 8.157311562423578, 9.11834103086166]
[8.346899993553173, 4.883032728440503, 7.586163294687834, 6.148448164010444, 9.740433655486465]
[8.27048737399717, 6.417939136024009, 8.708710389734655, 0.8597946296958052, 9.750026154491131]
[9.69015734362222, 6.247488126104838, 7.233500722662464, 5.729055574922852, 8.757026710410793]
[7.2917882230481545, 10.779018340396066, 4.847034831289826, 7.694344002562415, 9.043401869053636]
[5.49110321147229, 8.273090748397726, 7.1932459547486856, 8.763790222606609, 9.570072473806428]
[7.9486711952572415, 9.006457532644902, 4.021766524151249, 7.781003359623187, 9.817056996163807]
[8.300191299776348, 4.615777960699306, 9.021549400468754, 3.420983838679545, 11.020799391418704]
[7.1995208287215, 10.89730304792213, 2.7006976706788244, 7.869238381056927, 7.9284728559604485]
[4.094954780630163, 9.504813555564123, 6.418198216563234, 9.123311192212254, 8.080202610872409]
[3.617046629372554, 9.484850676912453, 5.4344889934104685, 11.578234457574846, 8.170586903835348]
[4.130438215796136, 9.917603138128333, 4.1855357565116, 8.845566585365013, 8.297787468395125]
[6.026228564965304, 6.982845594266127, 7.456641960558836, 8.296223232503923, 10.163193596311489]
[7.128855188210885, 11.024121420523805, 9.305437176099723, 4.048477206301973, 10.571571698525883]
[10.112568133454612, 5.226711339073457, 9.760708007212045, 3.6019051461562848, 10.481850608407823]
[8.330298994308011, 9.877479584294178, 6.411250306210792, 3.2858779517683168, 9.083949932480536]
[5.7417495997621195, 11.188961461315802, 2.6748965954074833, 7.916660882191398, 9.229853317932967]
[6.285770983566984, 10.824419888375179, 3.2568224750655244, 7.604480356449816, 7.427915045771167]
[6.3510910279712185, 8.783922909939612, 2.53017904879337, 9.292358143884677, 9.733941727745368]
[6.094862531670097, 11.588926347898793, 2.6957956283464037, 8.720694526273434, 7.999871211507054]
[3.154319425963199, 10.714048743257184, 3.0860009272953444, 8.880294243446597, 8.072039121187666]
[4.310209894827113, 7.743768903966764, 4.432628169304295, 9.541336773833923, 9.395506285985837]
[10.285147626587978, 7.856149854853908, 7.891154688491513, 2.2294453693410263, 8.909831877710463]
[7.541689861464613, 5.745863462102692, 7.665429303817323, 2.81151373327913, 11.009068597669163]
[10.791711220119982, 7.417496542678052, 8.338008688327934, 2.5201641692429315, 11.19527185519337]
[5.952233334207586, 8.1196209559751, 10.109531485870797, 5.50345639989458, 10.038030830637613]
[7.124284105161393, 8.046921546631381, 3.310417171851119, 6.76606508847348, 6.465413393659302]
[3.390215126368427, 1.7138736179442344, 2.0522206257751976, 1.6779901720376245, 1.233172421476627]
[8.088351544998604, 6.9613871617108565, 10.586366846585143, 1.8308774674265105, 7.947370569919369]
[7.4977169703437685, 7.99599088090511, 10.410559921054505, 5.885570791175691, 10.919132318724008]
[0.019998030084826812, 2.7218189656084317, 2.2012400520471456, 2.092703561356733, 3.13077951326954]
[6.621035217479657, 6.726771140611671, 6.753656637070042, 2.1993646553670545, 11.192800207010176]
[5.629246996336933, 8.844535834664137, 7.009185278341153, 10.481812833959527, 5.553243952702495]
[8.400901224453314, 9.792490826540089, 10.633766710010741, 3.061072092699983, 11.538598007930103]
[6.733391867454976, 9.835038531565143, 6.8314668570991355, 3.707042759193696, 10.24902887765172]
[9.967020601954228, 5.248994655211955, 8.386371809740712, 4.797334684526058, 11.154861515186344]
[6.173075493660268, 9.77861998308492, 9.41007611952275, 2.869394812406513, 11.713310347812474]
[8.158389020055575, 6.005479674066391, 10.351739831760415, 6.7331933091732905, 10.047168335506562]
[7.957794226200734, 4.8888837225233, 10.160497587028459, 2.570725998760747, 8.5091415517498]
[5.510232930428494, 10.860288658949088, 5.3824648750695365, 7.2677447108801045, 6.661862933409768]
[0.5551565822217635, 2.204245425142518, 1.0066146821656403, 1.9412317099285743, 5.244889813334935]
[7.362467628429213, 5.136545290597683, 8.789834168950652, 4.045608563637734, 11.032562276694287]
[2.8591778743840055, 1.4928579345066062, 0.754664072983561, 1.2833167389475286, 4.725264637711049]
[6.097311630289706, 5.1137638784217945, 8.13326536027169, 4.079971826764009, 8.497836502625685]
[3.66484078863301, 10.418500920990988, 7.4888270020824095, 8.48347911078773, 6.670946598338152]
[6.236295244397669, 9.555328459803125, 6.073130236705239, 9.213375554955043, 8.08065313869292]
[10.48936968727343, 6.552576765143955, 8.051956852697735, 4.3343210605037, 9.412736738620257]
[1.3409211650952666, 1.8784700769113227, 4.0780923428317415, 0.12404760565084239, 1.8720832437962605]
[10.358251009278638, 8.620249677673726, 10.920747084778741, 3.6971183428771317, 9.423330075629012]
[3.2053188470982907, 9.133204746248307, 6.113382114007521, 9.923339258377442, 10.13392233678307]
[8.780963773814594, 7.702389104333132, 5.232409762944213, 8.45379446972847, 9.060935244966341]
[5.07374585795398, 10.123424714921477, 6.628923657914244, 9.318424450854131, 8.560393434194719]
[7.888506455288752, 7.0893853254707695, 7.691027506940552, 8.664709715341395, 7.492114951935166]
[6.930926669050777, 8.94470602095982, 3.814919358472083, 9.614889851511537, 6.809097462795093]
[6.974995301561051, 7.118101179969917, 5.981558401581113, 8.624357348058144, 9.186587226242313]
[7.151934061999968, 6.404340063888432, 5.446908834878622, 7.661818950255853, 9.598878943767799]
[8.366094343629355, 9.592404408524313, 10.089319547365305, 2.9472119294458663, 9.440545424422844]
[6.449026406746521, 8.9468817119807, 6.387781814866708, 7.140600726433311, 5.920390439764952]
[4.212705034620559, 10.437446187117379, 3.7929615707016464, 8.329683651315028, 9.185126327434528]
[1.3584120147225311, 0.42743709954462394, 4.291222445072291, 0.7525380142425155, 2.8079092993719477]
[3.7942277878806876, 7.563150882603025, 4.7257340379473245, 9.088369137224637, 5.269347617112739]
[4.231323846719711, 9.067348206956563, 6.6982769737848376, 9.796955455409591, 10.360758983393469]
[7.031357077395278, 7.21095120230447, 8.257177508272134, 5.127945972950883, 7.987209499229767]
[6.597216758815366, 11.589179414920494, 5.432083237258208, 7.629503677197766, 5.295508143748252]
[7.351162195320526, 7.455549627005144, 11.007866185759585, 2.7068195489716764, 10.910241262614118]
[6.769028729912243, 7.094327953201768, 9.879490174470895, 3.6025903104808132, 11.627961521191871]
[5.363009116870499, 7.760381694084969, 4.563889923969802, 9.100876147812608, 8.333899992715413]
[8.173243606503924, 8.54355970277723, 5.603469891422542, 6.356222581819243, 6.456496778725815]
[8.442835065305717, 5.193934658668112, 7.966931732945977, 2.726051081072943, 11.238938345932741]
[7.155633236132928, 7.9263296586838825, 4.125172787415754, 6.397425063393436, 6.712610465097919]
[8.772961048869096, 9.307626515786872, 6.182608537787906, 8.883890516172105, 6.120706456748679]
[8.675318786328786, 6.725090704377485, 6.85364733780916, 5.098698423449435, 10.200182670650863]
[7.638613958454456, 11.465887042810959, 4.368628340823943, 7.754950693933267, 5.50764253794181]
[7.460308392195273, 10.91983270150397, 6.330352956931204, 6.95936774548796, 6.134359458517784]
[3.8842807283083394, 10.061957425503198, 5.887901167883879, 7.657535763167599, 9.35382544286085]
[4.147732322583087, 8.652868930877965, 7.176887497595868, 8.00898380593214, 5.314493638497243]
[7.920577825132304, 8.95242286275151, 6.011951677080122, 10.693130184326064, 7.000870635004434]
[6.011472725289311, 10.194095337567283, 2.963746881997927, 9.013236536718757, 8.639869297976585]
[4.522995894008009, 9.699830618871022, 3.6526425567072036, 7.397346729034931, 7.096281524854446]
[7.463645805342063, 9.220934166945337, 7.053266122995122, 7.209014676836162, 6.25256381213655]
[6.253135375144792, 11.512680958938505, 3.4125316420637644, 9.889496170459472, 6.897198017980916]
[3.488664085507138, 8.142469760111737, 3.985897501458737, 8.091573644120349, 7.869111059093212]
[4.0956766022625395, 10.270335446262349, 3.1885288419186253, 8.418927545990645, 10.082622767337545]
[1.0025593009434925, 0.06968723552747802, 0.35297138040962617, 1.9900469506478848, 4.093638310289138]
[0.011994368589967053, 1.0530608989142807, 2.9090991354408717, 1.168507175455363, 0.9194737698514288]
[5.508668035681733, 7.272304975444795, 8.204112088798553, 3.231830091532279, 11.520645165567494]
[4.246212346058615, 9.772884245901002, 3.216604686370601, 11.206780952020692, 7.908737597776344]
[5.383664091985789, 7.181154025428677, 7.831432107421358, 7.974895484569087, 7.977636950200252]
[9.141537306362132, 6.882903349622287, 7.266211923337268, 5.207437681516175, 8.447399801845801]
[9.224110770975997, 5.895488553011484, 6.594054374404303, 4.109635249630637, 10.034132152605924]
[5.406698749383056, 9.794369519013527, 6.670831624912086, 8.274910807422305, 5.588370195882135]
[11.27796000695109, 7.328895220126274, 10.115709217377638, 3.7864499667655385, 11.6785273677929]
[7.228519963522327, 8.501864072367873, 6.337013254219855, 11.746248570151772, 9.122249999882904]
[8.225581941233735, 4.525358415287794, 9.396207199262665, 2.9220399450508516, 8.652261657713975]
[9.482485169551357, 6.332257084731757, 7.228822605541093, 2.1996618467290516, 10.344708545917072]
[11.611468472457098, 7.414266418956526, 8.950579078226562, 3.512476100425558, 8.98469072393823]
[7.254272281462136, 5.19341979512534, 8.534321227283918, 6.198415913830434, 10.78094305841742]
[8.074290870344434, 7.342894963518809, 6.797127323044195, 9.364764484145548, 6.627311657588782]
[3.041763663901657, 8.866562931226506, 5.54536522680415, 10.806173791569876, 8.905656759906117]
[5.653621839484828, 6.11271399318947, 9.501896988397128, 3.925769198157295, 8.603935430644933]
[7.286813957885265, 5.697203703218741, 6.983831945009076, 5.506218311275176, 10.713460937172167]
[4.549996539684646, 8.632523225211, 3.703556747481377, 11.386694598555316, 9.244134721075532]
[8.158942416163251, 8.479112468732477, 10.346210517147732, 3.685974891839342, 9.900748983281003]
[7.922017372892929, 10.83982455083174, 6.828493805758931, 9.860991894367604, 6.5475684586853085]
[0.46752650783412886, 2.569439589692192, 0.7766897894074036, 3.10865473217967, 1.124640550560339]
[6.246368023107093, 9.415133828354435, 5.000900509240248, 6.624193203604548, 4.460299551941208]
[5.716954558682814, 11.870016058870494, 2.8116272152696147, 7.1732331321225855, 7.420464821334261]
[6.703473734973533, 10.130303525232474, 8.527156491211237, 8.408252437969288, 6.00243472754561]
[5.380678898594154, 7.6408762864842785, 4.779519378217455, 7.283526756245758, 9.223453633098917]
[4.5585069332505945, 8.254293109246989, 4.421317913250615, 9.639253993794004, 8.753013288524262]
[7.864134729016683, 9.079326720878548, 4.801015045306437, 11.01307281158015, 7.4131083449733906]
[5.6349370299902795, 7.8799099590456585, 3.6328955505170675, 7.574700702260978, 7.616162716793091]
[5.641526247577302, 10.752878578148842, 3.453594863447837, 6.415596603675279, 7.440543486168904]
[6.68424993000016, 10.361116857525007, 5.841033364704479, 7.533932680798612, 9.647493812365841]
[8.187984606505859, 4.874736953482725, 8.936169819368583, 5.06012846550563, 9.093477828538335]
[7.043878203602178, 11.716519775081894, 6.693406704040815, 9.38154494517575, 10.302941191147763]
[8.039054487197392, 5.586176548997544, 9.62866849412635, 2.6536880684338544, 11.271388895567032]
[8.71747387061631, 10.417072666900163, 5.949739864113575, 8.316305860399769, 7.89764087785724]
[7.752176946086637, 7.477378328673662, 7.4984507245854255, 9.62987264780339, 8.414667156268392]
[7.614360215976582, 8.39302972350519, 7.277056093994567, 10.886202074974431, 8.730610305077159]
[8.10394643831463, 7.532649224089303, 11.292237062316456, 2.23093944133525, 8.595078713839722]
[7.967028041329096, 10.569356157042233, 8.687300303461347, 5.849505629838365, 10.052879183829242]
[2.982605709674884, 0.48986039981106133, 1.2390666053605677, 2.070930772207324, 3.4545783221656383]
[8.348026544765059, 10.338769020887714, 6.669785386594858, 8.914208343973657, 5.505489495997301]
[6.8762456624859345, 6.794472301398405, 10.098870188834896, 6.819708982519305, 11.63594006017981]
[6.843905715332631, 8.750741402140017, 8.999236918328915, 0.9044702091166674, 11.568929056761982]
[6.011019300143683, 9.166217167336727, 4.6285040548967595, 4.754912955262326, 8.198922306374019]
[6.784095383161503, 10.534745575822559, 2.573023692594756, 8.25792838453442, 6.2872616461923245]
[5.533368540686437, 6.460151491182465, 6.90273239559389, 4.176121834714117, 9.823703741804618]
[4.27015107699849, 0.6332383660331926, 2.2349946464307004, 1.391964559586408, 3.3233143774089404]
[6.878680353800145, 7.239698016613712, 5.421335407339629, 8.38061754799051, 10.102169875751459]
[7.902241008809149, 9.969642420111066, 5.46561196545672, 10.663939695488303, 9.780030738475723]
[5.874185003453324, 10.503730252746866, 1.9243272112508358, 8.909708380538452, 8.686641001817197]
[3.108902691220411, 8.555520229054538, 4.495806437887817, 8.796205655627688, 6.282803163125324]
[9.617314436869163, 6.41703178429477, 11.943686817514621, 5.45946795819328, 11.248961695369232]
[7.325215365262894, 11.506872482916604, 4.544695566872119, 8.69570877564699, 9.260044447377108]
[1.4989193629212352, 1.1283529278060636, 2.1079089684055825, 3.5323393501481553, 2.6001095780145063]
[7.37877089219605, 7.579274362851722, 9.142429822850804, 3.859084153452837, 9.077734517013608]
[6.399750365190716, 7.009262381282859, 7.790931825113912, 1.7102057649820712, 11.767612397427776]
[9.238646188770884, 7.685858394812212, 7.154842889618072, 2.172806789347835, 9.757409800320659]
[5.6975326814067095, 7.104010707753461, 7.013580024015905, 5.276685400401552, 8.775694935836146]
[2.530002894703815, 4.164123348611594, 1.404690288244065, 0.406279607174846, 2.6142669031909964]
[7.243228953755766, 6.892889838920777, 7.771080912773758, 1.0963751057952882, 9.17807552871782]
[3.2046328716085966, 1.4166952952776355, 2.4553521893920287, 2.8018409473044197, 3.129904287975982]
[8.092119600205795, 8.360856127479583, 7.188456638935049, 5.319906282246759, 7.801983985647297]
[8.252580610755318, 8.304652554261448, 4.945448651322294, 9.451657527528823, 9.679492357197297]
[9.787501771808282, 9.858855672811297, 8.966736383166756, 2.235129633355, 9.419793809921934]
[8.40157808164566, 10.914633201180632, 8.96856756517342, 5.337853451873309, 11.160763293728637]
[9.171594505324592, 9.631877840702499, 8.301869455153033, 2.728236801153629, 11.981695859632971]
[1.0398307132906042, 3.11416249688092, 0.43437593981931366, 1.638503954150599, 3.9052373058948002]
[7.168881906490551, 9.646816074330975, 7.129042545217969, 5.409024638199427, 10.389976218511183]
[6.196552379681394, 10.443978767480976, 8.70192927530925, 7.796950539756513, 6.00112754706234]
[4.183713763144917, 8.365714918788727, 4.923135951866527, 11.390097678948852, 9.697389988249803]
[9.851352530590944, 6.248110919049701, 7.900816725727362, 6.414783892003653, 11.630467776247485]
[5.686134956017122, 11.819774991554471, 6.935522652061336, 7.592204287690883, 8.463999316433599]
[1.257184723547681, 0.5619048508937281, 5.137315572688127, 1.763487878888749, 0.8036132038411066]
[6.515911810545876, 10.845973148594998, 6.597605384156237, 9.785577444482362, 6.009427353522366]
[7.366832701427181, 9.591556989569133, 7.013346857556607, 7.226935110773037, 8.407205996584187]
[8.858134118193844, 8.910421727127128, 6.8607457439557, 4.730410535572938, 10.62185113060286]
[6.311636624976501, 9.71304701387739, 6.456062289413554, 5.711763845872586, 7.57614011357059]
[2.745961738445594, 2.450455805019281, 0.8888662266435952, 2.475472484508833, 1.9712605007568418]
[6.875654420366333, 8.156309148569244, 6.257363924271553, 10.276612960825211, 9.610915499310256]
[4.86727017305857, 10.008732555191008, 7.631056607989419, 8.692635506689111, 4.782603066104503]
[7.248567999177313, 6.009106379814352, 10.874658528782025, 5.160351647357897, 9.118031400759472]
[4.1937364614576484, 10.48018595497979, 5.6041225096280884, 7.71428895445499, 7.303422021637639]
[5.54912079558645, 8.420220165944428, 4.7316596540196745, 11.893316274425308, 6.873362574315263]
[4.420782121997497, 8.344052220295325, 4.9496226083301265, 8.620808028164877, 7.330063738723666]
[2.909045075708593, 2.443027842443331, 3.8890026855115845, 1.563371977222268, 3.230084668295332]
[8.378228097773153, 8.937495710305598, 5.077258552802235, 9.74808004305898, 9.018631438635193]
[10.902524496568958, 7.892676567850019, 10.37379037608665, 4.814685499494599, 9.621743823237901]
[6.897226094454327, 11.13550069572062, 6.755764446606003, 9.094167661888937, 9.172620500335977]
[0.022732162172563353, 0.9411664082616973, 1.818410503115068, 2.0953479896424203, 5.071281195095062]
[6.822876062658598, 9.266151165133842, 5.661748214694496, 10.543349181266912, 9.773346785570975]
[2.5852083775534833, 1.1432749037816445, 1.540019882415102, 1.4545278675159525, 5.442737499562074]
[8.611390771830507, 5.4441492641132605, 9.942917878163, 1.8187235376668118, 11.437782564902474]
[11.091212394083056, 8.263595434213233, 8.589644035983426, 1.8813883119405017, 11.615133900660762]
[2.2726686313158773, 2.22626283004407, 2.7611997764580747, 1.5777370690884176, 1.8376611914696421]
[7.269337290529408, 9.969789947060232, 3.287001181659785, 6.691624960619098, 8.752113549877148]
[8.64177437556108, 9.761770779138056, 5.873209722764056, 10.083812667836412, 10.213065710528365]
[5.0202712717956866, 7.120765337165887, 6.191379969883942, 9.019285712946678, 8.01472245918984]
[11.429714272099696, 8.031003255516604, 9.538474018251272, 5.461161449124032, 11.096094916041515]
[9.436193252181308, 9.472145449127748, 6.021371171359249, 3.9648584641358076, 10.603810963429673]
[6.931162495696082, 6.171111885202581, 8.586774085187226, 2.0422065091558586, 8.996121138562117]
[7.064996623550367, 9.058531033034932, 7.2830695208560625, 11.055038936347085, 6.888158885535076]
[5.365962980915443, 8.186602598593687, 6.645361862010386, 7.781794997679623, 4.524001786968328]
[6.94834549457863, 9.39216301566384, 6.470174167948617, 6.5362422388773584, 8.990052386846445]
[7.7570410876192195, 9.607624156414701, 4.029310069237564, 10.162805504904533, 9.192228898891997]
[7.021321920716085, 5.557329307432413, 9.745836210093284, 4.044035219313576, 8.957307384816229]
[5.797875669158355, 8.414908247699845, 8.850435009791628, 2.74830622397205, 9.527766499160784]
[3.431031553871379, 6.828770463338976, 4.485492342597545, 8.242750598186017, 8.136975471724883]
[0.8856001012879071, 2.7405192384897985, 3.598705299740701, 1.7831630478434608, 2.861752360114933]
[8.104377392936652, 8.080531127429623, 11.719053806966405, 1.5451998395805613, 11.27175272985123]
[9.445031210107812, 7.4207855411449, 8.215960004408098, 2.5099791054452623, 9.95737919307036]
[10.29311160353063, 7.173843298813008, 9.304932812693846, 2.0297402920704077, 8.674689527574323]
[6.028492825930533, 10.116721302751653, 4.080376643622261, 6.504803477861559, 8.563577628110913]
[9.635080520226222, 6.811929743125162, 8.398309987516068, 1.7848792664898085, 7.823272886247618]
[7.239788462486315, 5.911948357923681, 9.796781880331494, 1.7828716322703229, 10.635023728346383]
[3.515193454160999, 9.754856509787635, 6.767074237935605, 7.539168419626551, 6.082363220127411]
[6.087809497501033, 8.378711818958541, 6.734017506272334, 11.00818968967947, 6.588219822007485]
[6.788019026992606, 10.066267897487908, 7.035813875407164, 8.361003745438865, 8.519779280525956]
[6.6161945051824285, 7.683592371885935, 6.101503978418803, 10.718598399631816, 9.106504492753242]
[6.212879954011694, 10.745953759267667, 3.5229953255162156, 7.610932948590487, 7.365839025599472]
[7.0710006649902555, 7.308345597009062, 3.653568105909482, 6.248235998201782, 6.920731250849389]
[5.268811035076821, 8.206242100353064, 3.0490748753962738, 7.812642938973248, 10.433429737193316]
[8.345342860241185, 11.989521866232163, 6.762183418883868, 7.943541947221501, 9.158667290687802]
[3.6917314712848293, 10.433342554152151, 8.321980792849338, 7.9107458871094405, 6.7919492551903655]
[0.2962058474729732, 0.6128121760643745, 0.3928587435145334, 1.2706950038810954, 0.272304021574612]
[6.118467980185529, 9.919256594366246, 7.583580605299291, 4.847539476403736, 11.958475040759042]
[6.989327792282131, 10.159972526710547, 4.095041750643979, 6.20123954719565, 9.08241987275249]
[5.161626008747749, 7.572833385023193, 9.317544009864779, 3.1991451718244077, 11.674710892765685]
[3.07948198917963, 9.872474764971814, 6.9105444960842215, 8.766260663127445, 6.347385818956139]
[7.071021500242928, 6.8662107183932575, 11.149562750491484, 1.2176236848735762, 10.846355111955804]
[8.69708886771415, 9.323969339647485, 6.546682048291691, 10.610272737488364, 8.144736430481824]
[10.410127748972108, 8.742310793378127, 9.367834252233642, 2.2784467850435988, 10.186280184684469]
[5.852714402585738, 7.100807801534758, 9.328092362649539, 6.225840250921738, 11.881230813682844]
[7.090987559035112, 10.283808373914365, 5.05420604530634, 9.587454200274305, 6.848464785053393]
[5.6718612046763885, 9.58744188640772, 2.8652949002036583, 8.562029053594497, 10.663994675383124]
[6.2003225462539895, 6.420028108346956, 10.210088205841355, 5.1393294598636, 10.82432802707907]
[9.057289592162775, 10.17785064764813, 6.166460296310985, 9.902551167732103, 8.3847936821122]
[7.765717277719233, 8.178984272772537, 7.977562610046267, 6.484408289436892, 10.635065232395807]
[6.528561856932694, 6.960223853485912, 8.473582958445762, 1.3528757517603487, 11.55126940727446]
[9.106069285467283, 7.388423825212392, 11.309705430459024, 1.8554344169158128, 10.29377693410478]
[6.201021828712356, 7.625932544599658, 10.938399910871603, 5.742780578656639, 11.6047941501262]
[7.0627783075225, 7.622624457518833, 6.427166456709129, 8.048270636910374, 5.261837156962038]
[5.0640091891203465, 7.9440807291439794, 4.008004438396426, 6.856645166989186, 10.42301119626114]
[4.69238746877801, 11.09647254167346, 3.615931725470514, 9.158282189154004, 7.393835059143834]
[5.163353290397701, 10.084840480394305, 4.890842395669124, 7.8645872731033695, 11.004731208190531]
[9.953306634614307, 9.903201771674642, 8.938280755372993, 2.5225103499929906, 8.92579369475514]
[8.552265240519779, 11.345006489729844, 4.752734186991273, 9.33740902278729, 6.229215034211179]
[7.420211110432624, 8.61366106552943, 6.842817812528921, 10.064133616435933, 10.410517661019147]
[5.911374679828759, 8.989159191216277, 3.3471303088886533, 9.145642499411338, 8.58071607814744]
[8.6920640053136, 9.060423456941024, 11.32805131371322, 6.561336751061049, 11.698110824908106]
[2.1977320571027947, 4.696459034194854, 2.993507206872768, 0.3448033438678193, 2.9300493896417827]
[4.371567697556001, 8.226275304375063, 6.064862753534044, 8.63231439893866, 9.258116511157409]
[9.294392598839714, 9.81789986868339, 9.77151638785556, 3.5854296974120383, 11.156135109615091]
[6.454015711440328, 10.991885084799696, 4.85878702949446, 5.411062987305688, 6.35734658151368]
[1.0592771614838257, 3.639558173150439, 0.21370154636509975, 0.6077221213000974, 1.2895287099525805]
[6.2067434426754895, 11.582604965808152, 4.254831784993518, 11.55948681640697, 8.35299052371926]
[10.097402397013134, 7.761836423205372, 10.799660095776716, 2.8591483241387228, 9.707101239998945]
[5.4449756084478285, 5.92879726361002, 10.979715766850186, 2.8754375520145583, 9.608543423828522]
[8.19307420666385, 7.609310423179748, 11.280741578982369, 3.386440952305515, 10.670623302347453]
[5.467398036710665, 6.59677434095404, 4.747559966152741, 7.833782244205809, 5.79823889247977]
[8.76514783673039, 8.72007871608906, 11.57421659656001, 4.962223757431888, 9.073366130709548]
[4.605161038333514, 7.118189140300631, 5.6164093602840195, 6.389997624222852, 8.414736833529751]
[4.608180334003694, 7.881789098718096, 6.086479909638655, 6.8806309161294905, 8.798684842301354]
[8.719067104536883, 7.231266295777653, 10.17208752847539, 4.466427848059305, 8.48517496494068]
[0.9604381421168631, 0.6220868168315166, 3.2272099194295407, 2.6848137056878913, 0.17228505274120565]
[4.969486179535043, 7.753751958212119, 5.384939684313224, 9.47580488464568, 4.788171683881189]
[6.573022554362295, 9.682121760929217, 2.5819031367161935, 9.23034760428035, 5.717496301146635]
[3.7116990122826743, 0.6384195250375617, 2.0346152189562003, 1.08506428103088, 1.3277584654760415]
[0.4940185797846044, 2.4095822049869247, 4.948470978095671, 1.5304887021834443, 1.131989632103835]
[7.345662001523287, 9.795264007520109, 2.7924402211764816, 8.996957395454302, 6.69906820234667]
[6.2529736597057095, 8.225792880650996, 6.138861475186442, 7.2356438540033245, 10.786654721267967]
[7.140019461542149, 9.453555379173196, 8.618184376947509, 2.98926480159206, 11.492623213781702]
[7.734282953800209, 8.72761402359484, 3.942633572363649, 7.7333737330572845, 10.419095012098033]
[6.258063124371125, 7.332484279103248, 4.398397483601215, 9.74293727953734, 6.6667943816968815]
[9.688994302628469, 8.769051070713216, 11.044553216819214, 4.377326635035004, 11.00277076343514]
[4.99774253127325, 9.778272360533588, 3.2498059640848957, 10.689180714378827, 8.975945044045552]
[2.932668197093192, 0.6209477810952553, 2.268684835275874, 0.7740596685652301, 2.308447608747286]
[6.683432775223702, 7.342473985285775, 9.770131127028973, 1.546527673325183, 8.098796130255609]
[5.658807697812542, 6.706005323579734, 4.222311485929824, 9.010027341684584, 6.102420539271736]
[3.5981768431098473, 10.051161790736666, 5.891374920999742, 8.340543472672485, 8.433391623426289]
[8.18563238752716, 9.736295344522718, 6.251785823030614, 10.280222415093707, 9.787163723472066]
[4.736579012566661, 8.900332970540113, 3.5179592702738898, 10.294818680565031, 10.2274233438154]
[4.491206621904322, 9.745464256310392, 3.5388314968540255, 8.749601039994698, 7.248634937993186]
[6.604841762033133, 6.53544453782899, 7.363854702190671, 4.848414885731425, 11.564616781123794]
[4.604811153823696, 6.198727996143658, 4.606292419327145, 9.777157698329471, 8.556791995879626]
[0.07386433098786327, 0.8407009832999881, 2.3402923596282847, 3.1221257675101235, 4.821848862559126]
[7.707231171517726, 8.461137192448174, 7.305128413682535, 3.1676493209983536, 9.54173281419065]
[7.351270680638002, 9.90186667966982, 3.716025004897275, 6.786897906382189, 5.9834534320418635]
[5.438178646737071, 8.980274904250333, 2.4687254832431735, 6.7010745812461, 6.4672408993781225]
[6.65985707599334, 6.746556957851199, 8.414545690179887, 3.026096966736885, 7.850212038897812]
[8.569865409869864, 9.90555520339118, 10.504517614076915, 5.08363747646188, 9.189975218295436]
[6.902100674542321, 7.130900074448485, 8.089347785832087, 6.854884980617699, 10.892453549609204]
[10.178442475873524, 7.48408581904315, 11.785361530358815, 4.429532339667319, 9.6815340807421]
[5.260853646487219, 9.768148090552009, 4.143740842617385, 11.211250991793985, 10.378255747701552]
[9.67958463271373, 6.287893488918203, 11.376605522807555, 2.167573576832579, 11.844761995211705]
[2.7530375373002207, 0.21100292886760785, 0.655996802192774, 0.36475787110848445, 2.888171749234235]
[5.826071714815205, 8.735282602571004, 4.73069662511189, 8.883453003540378, 8.789901869695463]
[5.651942750082397, 6.602917628122675, 9.310119631421506, 2.965826187978391, 9.489712980609585]
[7.270581914822298, 10.276065343802767, 10.805920151910684, 3.8453955661886154, 10.759367772905719]
[0.5546010204422616, 3.2205320579159222, 4.381711523113767, 1.565912636948533, 1.8946065115330826]
[9.849889821318879, 9.47412204394417, 8.199671242464257, 5.765945366270363, 10.947685557064073]
[4.385204868256702, 6.700263534898733, 4.157957003697012, 9.78905470823499, 6.654995650989188]
[7.141116397649626, 8.553885896382848, 7.824312321732242, 9.935670508478093, 6.352768989316955]
[4.149977258985261, 11.770062854038262, 7.287429657183521, 7.720824850622754, 9.448556846805618]
[6.5433485005421765, 9.726509810158884, 10.373132974079727, 3.7623774474387055, 11.585854111562384]
[4.914019784193185, 7.758550313252318, 7.353641592391837, 3.4930254006496533, 9.728554682787275]
[6.9670798793899955, 5.01448545390611, 10.48301250055688, 3.2743124080862582, 11.111696428754504]
[0.9460343379561169, 2.0406097738436815, 5.007404368891649, 2.3904074316358286, 1.3924640297083726]
[4.695097467480887, 7.285087349628257, 7.498986767147662, 4.91046535063713, 10.194061044148889]
[4.294257184856815, 8.493881279722928, 7.68522207945348, 11.17112601867222, 8.513502648081346]
[6.597771221418121, 10.449188682127021, 6.0982315521884365, 7.279465838941837, 8.768356071142092]
[5.559851514065906, 8.621599350848864, 5.101112983959293, 6.709005951316797, 10.689399366012662]
[5.166902933662789, 11.850407834208823, 6.058489382680467, 9.790367578151201, 8.49422239741246]
[8.937667532614197, 5.102374172618415, 8.673022665259492, 5.749603717367771, 10.278509712723967]
[4.702853911485128, 10.075185892500086, 7.2866847096692755, 7.477962600133337, 5.848885618376761]
[7.173942625554929, 9.50005379371283, 7.28608887215071, 3.5126554748526764, 10.072686499277685]
[7.131621517719655, 6.0524606733195725, 11.877628461137546, 2.124269625448763, 9.78852358825811]
[9.20402434406575, 7.9577273263792065, 4.588966889598041, 9.038974929101924, 7.599209993143333]
[10.759451303315766, 7.660340516306779, 10.460798257544734, 3.680391934841729, 8.340260933322053]
[9.473985860002339, 7.41309976643065, 11.59863263147531, 6.230492354057432, 9.036753127308907]
[7.146828509880954, 9.599680581137594, 5.624187523138231, 11.177411085361712, 5.376039980830755]
[4.86197318800872, 11.43667695233664, 3.8008850306767394, 8.560314325703324, 6.205338983094178]
[7.283893489116032, 6.855924479713746, 11.295302422248046, 3.282816494688195, 8.232014306633927]
[7.475858583563342, 9.841382824663153, 10.573008404619284, 3.9256964623840864, 10.177581001520931]
[6.303927865563111, 8.064494017276242, 3.6364076218932717, 10.211449908249392, 10.342530314216747]
[6.842498691008448, 7.475418483799631, 4.615780222686047, 9.396510382141646, 9.936994094749082]
[7.521423963283157, 5.690500902150123, 9.520234759091274, 2.2186201801228442, 11.244298812587612]
[1.263887971988039, 1.4180920821867247, 4.669488642837953, 2.3436208992670653, 2.179122561795331]
[6.708924849754955, 10.4010380451144, 5.053357961451404, 9.18898941921646, 10.03636985625334]
[6.195406097771684, 10.652069843629851, 7.81578535245211, 7.330526134007532, 7.987222005480048]
[7.749964046146414, 9.102394926173503, 3.7993780617643917, 10.720739579823064, 8.584492433884119]
[6.265338510638703, 11.852223213920492, 6.916742970051978, 8.379920915619296, 9.041877175941334]
[0.3878087082428707, 2.012039920323881, 0.6156260587369244, 2.0014650818685698, 2.594336669884766]
[9.38008029907358, 6.703497638247235, 7.608568715373585, 4.728917200446775, 11.009344996044096]
[7.247730916222155, 10.865484076142717, 5.892616361887485, 8.072394361088437, 10.51388790283638]
[6.702868838556434, 9.410266255129095, 4.369756992239577, 10.54410673361586, 7.704233097846403]
[4.442570728404929, 9.96440792924917, 6.68836292298276, 11.04049809991895, 9.61258192437704]
[8.528230489768621, 10.007090080280497, 8.8747742419483, 3.546250153763959, 11.168983030291786]
[11.308023535769827, 9.432309630508321, 9.448716488123198, 3.0095793166361786, 11.46301729364235]
[4.969166010016081, 9.422879247521113, 7.726658792692672, 7.091778007098068, 5.846744402968204]
[2.088870499810326, 0.7507862477756007, 3.097075361898279, 2.1215268591099696, 0.2107985619628221]
[8.543074781962058, 9.791229079161587, 4.389558574524122, 8.836503350194354, 6.307377093518928]
[5.159629300525479, 10.22556070440738, 4.273922178269215, 5.572182460276355, 8.038381269209566]
[9.167645658834687, 6.258188865328154, 7.576583650731154, 5.720357924531026, 9.324524073109203]
[6.223553844279721, 7.951604395123123, 9.501170682016797, 4.92523739799094, 9.577333383899916]
[11.531035782388074, 7.145545796549532, 10.265896553740411, 4.71198250379585, 10.291970167944648]
[3.2176856562967555, 2.2574960129467136, 0.8857426171195071, 2.0619437893045385, 1.5387116526351705]
[6.985689812252841, 10.354482407234862, 2.618481326390821, 10.254007504573085, 7.295582260779629]
[6.144192801607983, 8.656961437103119, 8.105690737215772, 4.340187001177752, 9.153859548059346]
[3.342314050585859, 7.621232821756529, 4.391841685445936, 6.988206626889921, 6.882704603380754]
[6.338665868137017, 6.645130694226701, 4.9870987696507685, 6.46111610194076, 7.096812124634196]
[9.14353007362571, 9.112514570835998, 8.059472097275922, 4.861894109132278, 9.169138716359674]
[6.0461616851492845, 7.581733222578478, 7.000478373487635, 6.2657632968453605, 9.220316856731348]
[5.27505981468839, 11.005566462645248, 3.2499126447405065, 9.815351107662224, 9.2105940512698]
[5.906533933965574, 9.469344005948825, 4.0681456742415785, 8.349299666744969, 9.983434223686737]
[7.199864022930714, 10.035707975720571, 7.448857074004788, 11.148398860296727, 9.203080539416703]
[6.344019607615832, 5.754417454819103, 9.251622557284769, 5.18672156314476, 11.027152754281067]
[5.878898819147465, 8.760117897283926, 5.426507219775736, 5.2806898787951315, 6.61873311467501]
[7.887056820036741, 9.000897085723105, 11.611200174243336, 4.556743847213372, 8.152987045267409]
[6.477922016623871, 8.291310459536591, 6.167151491282168, 8.786294375947818, 8.588279579087132]
[2.71887921362071, 1.6812794424124884, 4.830571877074474, 1.803655930193162, 1.4697260207892446]
[7.636149126221765, 5.920719664508651, 8.015142151583866, 2.37314308498366, 9.64372913252147]
[6.5921634652001035, 6.093298810621782, 10.612495239274333, 2.1678164283196897, 8.539493812716419]
[9.762870462700324, 5.076899975101039, 8.749477288958056, 2.9566928911065635, 9.799208906105378]
[1.448471321318305, 2.867284997640025, 1.2401516435290785, 0.4281231668759098, 2.347339610294938]
[9.010016743590807, 7.865479736632485, 6.773355645076422, 8.363352960165429, 9.114943605871348]
[7.062000674884778, 7.6756709211938645, 5.6354398268103285, 9.247503086279195, 9.937949421832199]
[7.0909718144864335, 11.1810816890091, 3.28458427117175, 8.621231028403567, 7.995817529002204]
[2.5310117805819723, 2.25001051794514, 1.855771502539648, 2.663347165669497, 2.5796616783427195]
[0.5908717269452808, 2.2396350110645806, 1.7085799473444823, 1.854030771092094, 0.41338152753416946]
[3.9995963653642708, 8.472201326501038, 3.6784351236936295, 8.81855401566313, 6.8960341398082505]
[1.010803555394706, 0.46449810271440484, 3.2059476625144585, 1.8874860202050203, 3.4297160609010664]
[6.976195689643568, 10.76867882230214, 7.825366083185182, 4.527774312337694, 9.87693042306337]
[8.170213660128232, 3.8717882708997156, 9.177296797203326, 2.9268064348632823, 10.063449635463678]
[6.202548134783935, 8.812448539017048, 3.246544272250571, 9.028020512974335, 8.086026005800338]
[6.19457852085773, 7.251957768678214, 3.801868879340507, 7.4300172151967026, 8.213633104040387]
[9.577615029015424, 6.712743622093155, 10.534119057020746, 5.479490144396392, 8.864262744359015]
[8.309223949936317, 10.394662477592819, 5.100637864500246, 7.251871508116107, 5.534167384744499]
[7.118488363635166, 6.386805065891984, 8.27546727230392, 3.551008247668189, 9.976316980567535]
[6.3634161597968255, 7.226581310422613, 3.3920460924760967, 9.039088351541796, 6.697878301245757]
[1.803172404021042, 0.24548663536239834, 0.3698778649810275, 0.5662581373347546, 4.8642024522303675]
[8.668469149875978, 9.072534627365627, 11.646842998457215, 3.379578078014166, 8.417682871643132]
[6.8982320704789135, 8.348021607097968, 8.673311455638784, 7.651388228527676, 10.717062560223603]
[5.574953508115806, 10.88711239234159, 6.838845072191235, 6.451657974507502, 8.120120102483343]
[3.3186861531307503, 9.007723398590551, 3.8730466814091606, 6.255745458795319, 7.6936525045351924]
[5.534691551241895, 6.18707458227471, 8.055228404244684, 4.107862232487159, 8.2789983642197]
[5.255679111479848, 10.702787584145248, 2.0983981032781345, 8.967495428688473, 8.476759562852411]
[1.7243691850549143, 3.259265971204576, 3.937501858465764, 1.4494007618418152, 3.8958695266115053]
[5.5002155734495375, 8.770135786495022, 5.8573620274002725, 7.999015712933455, 7.391076965511431]
[7.6086317731816315, 8.97304760628625, 11.817577084430571, 5.217710441199722, 10.48386446444578]
[6.910775102971098, 10.966060507007565, 5.252942008897948, 7.341406482421975, 5.938962614042083]
[4.577615093536341, 8.750005160825314, 5.394107006145809, 9.87572007926397, 7.788871410739628]
[0.7637767568653429, 3.3256196476322453, 0.48506802920421377, 1.969491406663657, 0.5215302931031065]
[3.441457383608916, 9.038446497657153, 7.459583841126445, 10.180003762997904, 9.30804671874448]
[3.2345510906390023, 7.523822230394908, 6.827442940605655, 9.773141729726408, 6.796990338748176]
[6.866144391982094, 10.47327180718918, 4.523668995739115, 5.820976888374904, 6.347563082979189]
[9.894564451251991, 8.26537800540376, 8.00597305054779, 5.887408829186674, 10.314103446560452]
[1.0626079109933886, 2.160414957592516, 0.7011710518964178, 2.433268304684239, 0.8127041158513841]
[8.624685332977132, 4.519456000363516, 9.80747886916586, 3.7435454701920277, 11.021864410017415]
[11.446618855963717, 7.253946750746797, 10.37237956629518, 4.238309553782503, 9.409995018526743]
[8.917472949672188, 7.849452642803925, 8.061229354461371, 3.1134759342175147, 8.864762058776364]
[7.88693762859657, 8.439677495153374, 7.394856368262831, 7.9891165031622355, 10.380884116933908]
[10.992045529681931, 6.837353666832142, 8.359643736063237, 6.213929923160846, 10.340563133993472]
[0.10630739823066637, 3.4536321443121567, 2.6826198906563143, 1.8254897864649497, 3.8204623593999734]
[8.345553410234412, 9.489876386903056, 7.8490671168512165, 6.576495052299968, 7.652126866646462]
[9.996494352915871, 8.672139204972062, 11.607210961946873, 4.551505702641768, 8.965732099763066]
[7.415944083479356, 5.528886811534996, 9.2188458456468, 4.448284635156428, 8.903368359481528]
[3.753524987338168, 10.528045093815141, 8.16293341659625, 9.56336372354907, 8.116871779854272]
[5.759947443945539, 7.177811173701436, 8.708463535929347, 1.4953352343524902, 10.526793875586057]
[8.06119412758321, 5.9388513941192285, 6.7634783429116325, 3.371093036658338, 10.964336547211035]
[7.670873907518641, 4.6276933353982805, 8.771320172902287, 4.594995122202017, 10.998107168055236]
[7.9413295040062755, 11.504270912385993, 6.003399980045991, 6.474713610486585, 8.478907999856416]
[2.5631582520001883, 10.644808511226021, 5.316757331287798, 7.202491633425005, 7.629385152059201]
[0.8343284190698474, 3.303552241610915, 4.015366859097726, 0.7684715023576993, 1.7605389618554725]
[3.218890158680176, 11.142404504525569, 4.970235111522135, 6.799063447747764, 7.017904300196072]
[4.221819228404165, 8.753509073508095, 6.701737126095901, 11.205280002665965, 7.524165773723151]
[0.56629492686936, 3.6170426727780205, 3.3087928497028116, 2.0600518739171454, 2.4330735289369216]
[7.115220074759879, 9.331050768317658, 4.677351321885014, 5.427127018995897, 8.137200828019296]
[6.350921144511658, 5.811808783192145, 7.477948690135564, 4.9374213456627585, 8.916505202323963]
[7.176484110537894, 5.53733727034626, 9.535388928832923, 6.869334692539535, 10.267833289146777]
[1.3775521003802682, 3.812242784562233, 2.0073507893384983, 2.1207527297942805, 3.138446122093945]
[7.006605698716475, 10.177431841762811, 5.836697096469711, 9.493290364234255, 7.532576901625489]
[3.751877359307284, 10.729329502664305, 4.334590849707988, 6.665075386244559, 6.348303679723668]
[4.426790263153009, 11.785936181690223, 4.738136335151157, 9.665940969426012, 5.892768731223116]
[9.732832583216869, 7.977795254574618, 7.554061174001296, 6.892979326803848, 9.417721460734393]
[3.2393868289500722, 7.054935444615657, 5.601414775577888, 8.060860837505052, 8.89527275870248]
[8.086238245497496, 10.542198866309025, 7.792278251094045, 2.361511964181867, 10.643863394855279]
[7.382711224363884, 11.406046804309748, 3.9107384084627546, 10.259060737993419, 9.268727403879213]
[7.114309264291392, 6.159667728075641, 9.821649615475897, 1.4707102142701136, 9.11602669503992]
[3.309075513928471, 9.865246512005236, 7.741377919269151, 7.925713304674613, 8.322590009727268]
[5.753170944421156, 9.727894357531236, 3.5511436182638954, 11.939683351714832, 7.0525354795495225]
[6.387580865902764, 11.031991520237504, 3.31097655720914, 7.354410529431004, 7.56346362442216]
[8.348633158912417, 8.816016278658807, 5.47153837757153, 7.898526005374365, 5.770460285117968]